Timestamp Beacon
0.055128 20
0.056682 25
0.112693 5
0.187009 29
0.190134 4
0.219512 31
0.250969 21
0.331985 55
0.340346 53
0.406601 8
0.432522 3
0.464753 9
0.507933 6
0.546253 52
0.560474 20
0.61694 5
0.69106 4
0.760438 21
0.794273 2
0.838311 55
0.848229 53
0.914574 8
0.929899 48
0.93756 3
0.94673 46
0.982799 1
1.009251 6
1.070526 25
1.124605 5
1.200346 4
1.270549 21
1.295564 2
1.348024 55
1.424684 8
1.47279 9
1.490829 1
1.516915 6
1.564121 52
1.633459 5
1.708382 4
1.740653 31
1.743296 45
1.779438 21
1.801738 2
1.857798 55
1.858929 53
1.933695 8
1.940831 3
2.025892 6
2.074017 52
2.14088 5
2.215136 4
2.24887 31
2.254577 43
2.282835 21
2.310597 2
2.365317 53
2.367267 55
2.436602 8
2.448921 3
2.576231 25
2.579762 52
2.642746 5
2.749092 31
2.753222 45
2.759132 43
2.787086 21
2.865692 53
2.870999 55
2.939052 8
2.950084 3
3.084958 52
3.144216 5
3.255875 31
3.293138 21
3.309458 58
3.314399 2
3.369029 53
3.371922 55
3.440099 8
3.458845 3
3.58925 25
3.592778 52
3.595112 20
3.649805 5
3.822678 2
3.871358 53
3.880904 55
3.943586 8
3.95958 3
4.042789 6
4.09361 52
4.102686 20
4.152649 5
4.298619 21
4.322718 2
4.377348 53
4.381919 55
4.448477 8
4.469653 3
4.484226 46
4.544534 6
4.601279 52
4.603125 25
4.610534 20
4.657658 5
4.772767 45
4.829777 2
4.881264 53
4.885132 55
4.957061 8
4.978415 3
4.988078 46
5.024002 1
5.051009 6
5.102263 52
5.165658 5
5.275774 31
5.311333 21
5.386767 53
5.392465 55
5.458351 8
5.487359 3
5.493853 46
5.673659 5
5.691559 26
5.747705 4
5.749887 29
5.895372 55
5.959795 8
5.993343 3
6.001245 46
6.029321 1
6.114422 7
6.179485 5
6.250553 4
6.258986 29
6.559691 6
6.687981 5
6.701092 26
6.760114 4
6.76535 56
6.834554 21
6.848734 2
6.910831 55
6.968417 8
6.994478 3
6.998681 27
7.029353 51
7.03824 1
7.061298 44
7.068088 6
7.115967 52
7.138941 20
7.197965 5
7.210405 26
7.246318 28
7.26519 4
7.268545 29
7.358264 2
7.417523 55
7.419201 49
7.474132 8
7.497746 3
7.501891 27
7.534917 51
7.540534 1
7.541121 9
7.578102 6
7.580679 22
7.620858 52
7.707766 5
7.712984 32
7.746324 28
7.768671 29
7.774416 4
7.875338 12
7.921378 49
7.993132 33
7.99839 3
8.010992 27
8.042439 9
8.042949 1
8.044966 51
8.085188 6
8.089689 22
8.130682 7
8.211249 5
8.216581 26
8.217964 32
8.24874 28
8.269469 29
8.279186 4
8.502479 50
8.512432 27
8.550949 1
8.570412 44
8.630853 52
8.652934 20
8.717815 5
8.753497 30
8.754238 28
8.770786 29
8.781759 4
8.810212 45
8.813459 43
8.925361 55
8.993658 8
9.052307 9
9.098076 6
9.157334 20
9.22078 5
9.263917 28
9.324421 31
9.430497 55
9.433504 53
9.50331 8
9.508509 50
9.528802 27
9.535847 11
9.647776 52
9.765204 28
9.7662 30
9.780376 29
9.788523 4
9.864699 21
9.908213 54
9.936365 55
10.038512 27
10.054009 51
10.065654 9
10.112673 6
10.15033 7
10.156053 52
10.232814 5
10.288594 4
10.3293 10
10.33878 31
10.439333 55
10.562228 51
10.614418 6
10.66012 52
10.736908 5
10.751594 32
10.775699 30
10.942424 55
11.023416 8
11.055228 11
11.122693 6
11.166171 52
11.166822 7
11.173224 20
11.247075 5
11.280708 30
11.297447 29
11.387096 21
11.405486 2
11.417768 12
11.449696 55
11.52437 8
11.560091 11
11.566063 51
11.59697 44
11.629503 6
11.673663 7
11.677655 20
11.752328 5
11.781536 30
11.792713 4
11.796914 60
11.835416 56
11.850156 31
11.898571 16
11.947742 53
11.956113 55
12.043394 3
12.079622 9
12.137595 6
12.174585 7
12.238565 17
12.289291 30
12.302091 4
12.306732 29
12.343356 56
12.349902 10
12.355627 31
12.424625 12
12.459478 55
12.51041 19
12.532779 8
12.580573 9
12.604032 44
12.645534 6
12.680512 7
12.69509 20
12.774507 32
12.798206 30
12.85151 56
12.859401 10
12.865217 31
12.898592 18
12.966841 55
13.05695 3
13.086468 9
13.138499 41
13.147895 47
13.150148 6
13.187354 7
13.198184 52
13.281989 32
13.307944 30
13.359653 10
13.37148 31
13.404547 18
13.430486 54
13.465592 53
13.473472 55
13.517199 19
13.549123 8
13.582565 11
13.588915 9
13.659887 6
13.678645 57
13.697156 7
13.774595 5
13.783795 32
13.880155 31
13.911631 18
13.924419 16
13.97696 55
14.032852 42
14.058042 8
14.061685 3
14.087123 11
14.199542 7
14.263429 15
14.275332 5
14.363119 10
14.384588 31
14.414595 18
14.43349 16
14.443432 54
14.479501 55
14.539483 42
14.563605 8
14.568097 3
14.572047 36
14.590391 9
14.67305 6
14.685471 57
14.708276 7
14.793787 32
14.81749 4
14.857711 14
14.864165 10
14.873781 56
14.892134 31
14.923358 18
14.92831 58
14.946548 54
14.984606 55
15.072799 8
15.173147 6
15.210968 7
15.260288 17
15.288454 59
15.303467 32
15.333289 30
15.365272 10
15.377815 56
15.446141 12
15.483361 53
15.490749 55
15.58065 8
15.592168 27
15.606972 9
15.626559 51
15.661879 41
15.718573 7
15.788286 5
15.797991 26
15.80744 32
15.82111 4
15.824043 28
15.842052 30
15.865372 10
15.885267 56
15.94532 58
15.948383 2
15.951553 12
15.9598 54
15.98981 53
15.997562 55
16.081177 8
16.113534 11
16.115339 9
16.188385 6
16.22749 7
16.312482 32
16.369167 14
16.371637 10
16.40882 31
16.434601 18
16.451929 12
16.572246 33
16.582772 8
16.614735 11
16.622027 9
16.709987 57
16.77237 17
16.796077 5
16.807219 26
16.819202 32
16.829613 4
16.850391 30
16.878633 10
16.8959 56
16.917068 31
16.957922 2
17.000326 55
17.079097 3
17.088976 8
17.125603 9
17.192363 6
17.217475 57
17.237573 7
17.274302 17
17.296232 15
17.29831 5
17.322351 32
17.33536 4
17.352592 30
17.385141 10
17.404419 56
17.424735 31
17.436929 18
17.467697 2
17.500732 55
17.584044 3
17.595057 8
17.62141 11
17.629423 9
17.660583 44
17.699783 6
17.726884 57
17.742858 7
17.777851 17
17.803657 15
17.826141 32
17.857295 30
17.859153 60
17.886096 10
17.904945 56
17.926696 31
17.966548 12
17.975335 2
18.000862 55
18.090269 33
18.096378 8
18.128177 9
18.131522 11
18.200368 6
18.248876 7
18.284879 17
18.306346 5
18.331732 32
18.34249 4
18.410901 56
18.433144 31
18.4816 2
18.507188 55
18.562004 19
18.591037 3
18.592808 33
18.598004 8
18.637857 9
18.641062 1
18.709467 6
18.737128 57
18.752056 7
18.811996 5
18.837811 32
18.87308 30
18.891392 10
18.920154 56
18.989787 2
19.014947 55
19.097174 3
19.1032 8
19.135267 11
19.145704 9
19.151228 1
19.240403 57
19.254138 7
19.294687 17
19.318379 5
19.338305 32
19.350843 28
19.37635 30
19.399549 10
19.426996 56
19.496541 2
19.515566 55
19.571783 19
19.61273 8
19.647205 9
19.660815 1
19.726811 6
19.745754 57
19.799311 17
19.825128 5
19.833785 15
19.843896 32
19.884441 30
19.900106 10
19.932373 56
19.946167 31
20.003507 2
20.024242 55
20.105339 33
20.112952 8
20.14243 11
20.151117 9
20.163474 1
20.230417 6
20.246741 57
20.269164 7
20.300114 17
20.32617 5
20.349212 32
20.408903 10
20.434973 56
20.511024 2
20.525318 55
20.576649 19
20.611387 33
20.613204 3
20.617538 8
20.65274 9
20.666256 1
20.738509 6
20.769506 7
20.802687 17
20.832614 5
20.848635 15
20.849798 32
20.860837 28
20.893908 30
20.917914 10
20.940716 56
20.957688 31
21.015488 2
21.080379 19
21.114384 33
21.118188 8
21.154179 9
21.158169 11
21.244373 6
21.272595 7
21.358349 32
21.458917 31
21.525201 2
21.531347 55
21.627778 8
21.659525 9
21.773261 57
21.810457 17
21.848523 5
21.865893 32
21.962984 31
22.033126 55
22.128367 8
22.161545 9
22.253477 6
22.289665 7
22.316142 17
22.348619 5
22.370019 32
22.373359 4
22.449706 56
22.540855 55
22.634112 8
22.667653 9
22.793395 7
22.807976 52
22.816701 17
22.853934 5
22.878447 32
22.9155 30
22.951604 56
22.978319 31
23.037314 2
23.139736 8
23.264687 6
23.295721 7
23.356167 5
23.378637 32
23.481073 31
23.547027 2
23.554025 55
23.678101 9
23.769269 6
23.792162 57
23.796856 7
23.819191 17
23.865845 5
23.88615 32
23.956102 56
23.983065 31
24.149823 8
24.183599 9
24.276476 6
24.295529 57
24.304736 7
24.324449 17
24.371617 5
24.393175 32
24.428604 30
24.459099 56
24.491007 31
24.565241 55
24.601086 19
24.638292 33
24.657705 8
24.683605 9
24.805213 57
24.806908 7
24.827449 17
24.877329 5
24.89698 28
24.956432 10
24.969175 56
25.000994 31
25.04854 12
25.063441 2
25.07056 55
25.143211 33
25.165007 8
25.168006 3
25.184465 9
25.21741 1
25.288785 6
25.289387 41
25.309648 57
25.315398 7
25.377975 5
25.395262 32
25.439506 30
25.458577 10
25.469365 56
25.510523 31
25.56403 2
25.572796 55
25.607233 19
25.669868 8
25.687839 11
25.72184 1
25.795534 6
25.819424 57
25.87859 5
25.90421 32
25.945155 30
25.979075 56
26.01517 31
26.059577 12
26.081075 55
26.1725 8
26.176861 3
26.192 11
26.194576 9
26.298743 6
26.323345 7
26.339165 17
26.379114 5
26.404369 32
26.445618 30
26.488449 56
26.522685 31
26.537307 16
26.588133 55
26.673425 8
26.677932 3
26.693964 11
26.701906 9
26.828478 7
26.841738 17
26.879332 5
26.904772 32
26.906282 4
26.933199 60
26.948581 30
26.990103 56
27.032367 31
27.097235 55
27.174226 8
27.195654 11
27.20481 9
27.23406 1
27.309282 6
27.332115 7
27.341305 57
27.344219 17
27.454567 30
27.495266 56
27.534541 31
27.574042 12
27.588541 2
27.591015 54
27.660393 33
27.674448 8
27.685323 3
27.709912 9
27.737482 1
27.819479 6
27.834655 7
27.848318 17
27.886636 5
28.094958 2
28.099227 54
28.108635 55
28.155796 42
28.17583 8
28.241178 1
28.323207 6
28.336278 7
28.388807 5
28.421208 32
28.421966 4
28.42619 59
28.464249 30
28.497871 10
28.498605 56
28.540386 31
28.563459 16
28.609529 55
28.680813 8
28.69916 36
28.704768 3
28.914156 15
28.927775 32
28.9742 30
29.004105 10
29.049427 31
29.100164 2
29.114237 55
29.183629 8
29.211414 11
29.221921 9
29.332464 6
29.341204 7
29.360919 17
29.431596 32
29.48336 30
29.508355 10
29.509634 56
29.621142 55
29.689771 8
29.713042 11
29.729128 9
29.734751 34
29.834239 6
29.843102 7
29.852709 57
29.938614 32
30.010159 56
30.057591 31
30.077733 16
30.100827 12
30.198507 8
30.230385 9
30.244216 34
30.323819 41
30.338213 39
30.413575 5
30.446561 32
30.516764 10
30.580213 16
30.610175 12
30.630344 55
30.698087 33
30.70407 8
30.713171 3
30.714254 36
30.718557 11
30.733258 9
30.748098 34
30.845602 6
30.859074 7
30.951084 32
31.013527 56
31.021105 10
31.090291 16
31.207069 8
31.21905 36
31.222078 11
31.237964 9
31.2485 34
31.271583 35
31.346522 6
31.358783 57
31.405681 52
31.429056 5
31.453409 32
31.47086 59
31.52264 10
31.571259 18
31.598233 16
31.621274 12
31.710159 8
31.715677 33
31.720459 36
31.724164 11
31.745689 9
31.83867 41
31.86693 7
31.931975 15
31.939163 5
31.962997 32
31.980782 59
32.018544 56
32.026451 14
32.029972 10
32.078983 18
32.07996 31
32.125526 12
32.216477 33
32.218835 8
32.224308 36
32.232841 11
32.252073 9
32.281147 35
32.438149 15
32.464468 32
32.52505 56
32.533046 14
32.534771 10
32.618887 58
32.6299 12
32.644935 55
32.720938 33
32.752719 9
32.765453 34
32.940356 15
32.993843 60
33.029908 56
33.038991 10
33.133084 12
33.148514 55
33.222775 33
33.225199 8
33.240859 11
33.25361 9
33.274094 34
33.297424 35
33.365615 6
33.536384 56
33.539396 10
33.540775 14
33.729983 33
33.731463 8
33.761915 9
33.7777 34
33.806371 35
34.040021 56
34.040564 10
34.043342 14
34.125369 16
34.146471 12
34.160646 55
34.226985 38
34.239066 36
34.25504 11
34.278896 34
34.31068 35
34.460922 15
34.468024 5
34.506985 59
34.512445 60
34.548324 10
34.548938 56
34.644881 58
34.668711 55
34.740078 36
34.746738 8
34.754807 11
34.779564 9
34.820146 35
34.881346 6
34.963617 15
34.991994 32
35.015595 59
35.039068 13
35.05282 56
35.053489 10
35.153828 58
35.154854 12
35.17226 55
35.243837 36
35.255078 8
35.262966 11
35.286527 9
35.325676 35
35.407804 7
35.52338 59
35.545514 13
35.555042 14
35.559051 10
35.664568 12
35.678066 55
35.729009 42
35.739277 38
35.750311 36
35.757833 8
35.766151 11
35.790164 9
35.798199 34
35.831876 35
35.903186 57
35.983075 15
36.032265 59
36.034617 60
36.057396 14
36.060766 56
36.06263 10
36.165193 58
36.167294 12
36.257944 36
36.266613 11
36.304674 34
36.336582 35
36.367907 41
36.403227 57
36.492819 15
36.5359 59
36.540817 60
36.553646 13
36.561123 14
36.564103 10
36.56657 56
36.667976 12
36.690961 55
36.761969 8
36.762801 36
36.775603 11
36.809531 34
36.843637 35
36.904366 57
37.009321 32
37.04244 60
37.044815 59
37.168688 12
37.268482 36
37.271438 8
37.279947 11
37.28878 37
37.306232 9
37.312558 34
37.353256 35
37.552211 60
37.565615 10
37.5673 13
37.671201 12
37.679767 58
37.787557 11
38.003163 15
38.058626 60
38.060051 59
38.068062 14
38.070598 10
38.176491 12
38.20356 55
38.279355 36
38.289276 11
38.314543 9
38.510069 15
38.568843 59
38.575035 13
38.577686 10
38.589329 56
38.680682 12
38.708908 55
38.768285 38
38.790172 11
38.81998 9
39.012093 15
39.071881 60
39.074127 59
39.075317 13
39.186246 12
39.19126 58
39.292578 36
39.378578 35
39.576664 59
39.579729 60
39.583289 13
39.686775 12
39.696118 58
39.717073 55
39.79716 36
39.88838 35
40.024563 15
40.092176 10
40.108687 56
40.18999 12
40.200976 58
40.306349 11
40.31934 37
40.397632 35
40.597616 10
40.601283 14
40.690519 12
40.804463 36
40.810235 11
40.903345 35
40.953122 57
41.096286 60
41.099819 13
41.104338 10
41.196425 16
41.199043 12
41.206695 58
41.277633 38
41.310998 36
41.313115 11
41.343779 9
41.365486 34
41.408295 35
41.417015 41
41.462959 57
41.596912 59
41.598062 60
41.60062 13
41.624214 56
41.714818 58
41.813095 11
41.819577 8
41.85178 9
41.872663 34
41.914038 35
41.970415 57
42.097801 59
42.108286 13
42.115554 10
42.129156 14
42.132399 56
42.205442 12
42.23866 55
42.309278 33
42.323245 36
42.32517 8
42.340089 37
42.35566 9
42.372852 34
42.415814 35
42.425574 41
42.480008 57
42.568682 32
42.604452 60
42.607906 59
42.623619 10
42.640003 56
42.712624 12
42.713903 16
42.724443 58
42.745749 55
42.812976 33
42.824439 11
42.827528 8
42.832007 36
42.864088 9
42.929762 41
43.054282 15
43.112453 60
43.113739 59
43.120293 13
43.129364 10
43.143629 14
43.147242 56
43.214374 12
43.2286 58
43.248717 55
43.301804 38
43.329577 11
43.335166 8
43.338695 36
43.369129 9
43.426903 35
43.434865 41
43.446878 39
43.486346 57
43.556672 15
43.613984 60
43.617771 59
43.62857 13
43.631661 10
43.649461 14
43.720304 12
43.733549 58
43.844345 36
43.848259 37
43.875451 9
43.886295 34
43.933257 35
43.967035 6
43.989652 57
44.057017 15
44.11994 60
44.123451 59
44.133459 13
44.136186 10
44.226754 12
44.230588 16
44.239689 58
44.26088 55
44.305146 38
44.334512 11
44.35378 36
44.382566 9
44.394143 34
44.440861 35
44.562337 15
44.62489 60
44.636591 10
44.637983 13
44.653955 14
44.729297 12
44.735386 16
44.742777 58
44.769006 55
44.810556 38
44.842213 11
44.855463 36
44.859931 37
44.888156 9
44.903395 34
44.944102 35
44.945444 41
45.003801 57
45.066375 15
45.135057 60
45.142689 13
45.234373 12
45.239696 16
45.243272 58
45.345763 11
45.35797 36
45.360487 37
45.390451 9
45.411609 34
45.446977 35
45.51141 57
45.56968 15
45.599875 32
45.639885 60
45.644588 13
45.650676 10
45.744576 12
45.778727 55
45.852946 11
45.859103 36
45.864034 37
45.916406 34
45.952506 35
45.990187 6
46.021308 57
46.079638 15
46.142942 60
46.145816 13
46.154529 10
46.25073 58
46.251727 12
46.256862 16
46.330293 38
46.362496 36
46.365414 37
46.395435 9
46.421721 34
46.456235 35
46.498797 6
46.523881 57
46.5845 15
46.607913 32
46.650455 60
46.655222 13
46.65646 10
46.665049 14
46.756351 58
46.756925 12
46.761294 16
46.837961 38
46.865796 36
46.870671 37
46.898034 9
46.931552 34
46.959811 35
47.000908 6
47.02441 57
47.092657 15
47.113687 32
47.151132 60
47.160111 13
47.164311 10
47.264566 58
47.366258 36
47.371519 3
47.373638 37
47.37608 11
47.407958 9
47.43165 34
47.460886 35
47.462567 41
47.511105 6
47.526313 57
47.602066 15
47.615798 32
47.653243 60
47.664757 13
47.668988 10
47.678972 14
47.76308 12
47.772018 58
47.869345 36
47.87514 37
47.876488 11
47.915744 9
48.018526 6
48.027269 57
48.111047 15
48.121145 32
48.161488 60
48.174346 13
48.177968 10
48.180959 14
48.266684 12
48.277181 58
48.378444 36
48.381129 37
48.382693 11
48.418191 9
48.465262 35
48.528897 57
48.615756 15
48.630946 32
48.665553 60
48.679075 10
48.681036 13
48.773476 12
48.781094 58
48.856395 38
48.884277 36
48.89192 11
48.927962 9
48.938074 34
48.971737 35
49.03202 57
49.118115 15
49.138826 32
49.172577 60
49.181165 13
49.185522 10
49.282275 12
49.321235 55
49.389378 36
49.394494 11
49.533098 57
49.626975 15
49.677526 60
49.682881 13
49.688216 10
49.787137 12
49.796638 58
49.828231 55
49.894204 36
49.896195 37
49.936211 9
49.953129 34
49.981544 35
50.038479 57
50.05129 6
50.127961 15
50.177989 60
50.28965 12
50.299543 58
50.329491 55
50.397566 36
50.400291 37
50.402084 11
50.443998 9
50.454447 34
50.484419 35
50.543708 57
50.557642 6
50.629557 15
50.658833 32
50.684587 60
50.693484 13
50.698791 10
50.793597 12
50.807117 58
50.835954 54
50.893455 33
50.903957 11
50.904937 37
50.953861 9
50.96434 34
50.989247 35
51.043962 57
51.067717 6
51.138508 15
51.188529 60
51.197339 14
51.200815 13
51.202583 10
51.29614 12
51.316187 58
51.33727 54
51.340372 55
51.410925 37
51.412268 11
51.413382 36
51.461556 9
51.467152 34
51.495081 35
51.544553 57
51.646421 15
51.692899 60
51.70424 13
51.707047 14
51.70955 10
51.727321 59
51.801399 12
51.807479 16
51.820404 58
51.917494 37
51.920741 36
51.921403 11
51.968702 9
51.971064 34
52.053504 57
52.150123 15
52.202029 60
52.20681 13
52.215478 10
52.231115 59
52.311449 12
52.329382 58
52.349879 55
52.417867 37
52.423493 36
52.426663 11
52.472552 9
52.481018 34
52.531694 41
52.654832 15
52.690227 32
52.71006 60
52.71411 13
52.715661 14
52.720247 10
52.73939 59
52.815732 12
52.824705 16
52.853214 55
52.924687 36
52.926327 37
52.933083 11
52.981133 9
53.094958 6
53.213484 60
53.218145 13
53.221415 10
53.222165 14
53.324806 12
53.328894 16
53.341844 58
53.362225 55
53.427896 36
53.429234 37
53.437183 11
53.488675 9
53.519488 35
53.567908 57
53.669957 15
53.700919 32
53.719775 60
53.721815 13
53.726886 10
53.740862 59
53.827501 12
53.844505 58
53.86443 55
53.936201 36
53.940306 11
53.946238 8
54.020073 35
54.04914 41
54.221032 60
54.226826 13
54.24108 59
54.333737 12
54.344664 58
54.445177 36
54.448831 11
54.456195 8
54.525847 35
54.557294 41
54.730498 60
54.744532 59
54.83048 40
54.841621 12
54.845761 16
54.854832 58
54.871443 54
54.946555 36
54.951589 11
54.965907 8
55.003077 34
55.056989 39
55.18146 15
55.231244 10
55.23746 13
55.244365 14
55.25125 59
55.34337 12
55.359812 58
55.381667 55
55.451961 36
55.459717 11
55.469608 8
55.527415 35
55.715134 32
55.740254 10
55.740884 13
55.74238 60
55.748306 14
55.755373 59
55.774628 30
55.803377 31
55.842116 40
55.844571 12
55.858318 16
55.861344 58
55.886222 55
55.959412 36
55.965984 11
55.977093 8
56.013128 34
56.023978 9
56.03383 35
56.087887 57
56.198446 15
56.246091 10
56.249558 13
56.26084 59
56.276511 56
56.277897 30
56.312265 31
56.350257 12
56.368399 58
56.449 33
56.460424 36
56.560786 27
56.570688 41
56.574552 39
56.703185 15
56.721005 32
56.749822 10
56.751182 13
56.765311 14
56.769998 59
56.875973 58
56.901375 55
56.944593 38
56.979677 11
57.033418 9
57.041623 35
57.210213 15
57.230105 32
57.256926 13
57.260737 60
57.274824 59
57.284854 56
57.364834 12
57.452178 37
57.469465 36
57.482099 11
57.541205 9
57.5765 41
57.715441 15
57.735146 32
57.761907 13
57.763947 60
57.86576 12
57.875132 16
57.885598 58
57.95841 37
57.971912 36
58.21716 15
58.266095 13
58.272769 14
58.284597 59
58.290145 56
58.328866 31
58.367662 12
58.466932 37
58.47448 36
58.553741 34
58.559371 35
58.598866 39
58.722845 15
58.770153 60
58.77605 13
58.785822 59
58.798329 56
58.836382 31
58.864438 18
58.874965 12
58.965895 38
58.969532 37
58.978509 33
58.98428 36
59.058782 34
59.275621 60
59.280497 14
59.287474 59
59.37638 12
59.37845 16
59.40539 58
59.492585 36
59.510217 11
59.56988 35
59.610534 39
59.876787 12
59.883628 40
59.907563 58
59.940449 55
59.99677 36
60.018987 11
60.033127 8
60.073304 35
60.289171 14
60.296118 59
60.386745 12
60.389176 16
60.449467 55
60.48667 38
60.488322 37
60.519028 11
60.577443 34
60.581976 35
60.796164 14
60.803537 59
60.82777 56
60.853899 31
60.914319 58
60.989974 38
61.019435 11
61.087628 35
61.112191 41
61.142862 17
61.255393 15
61.266742 32
61.300592 14
61.306227 59
61.399201 16
61.43478 54
61.457174 55
61.493094 38
61.52442 11
61.540506 8
61.59511 35
61.75882 15
61.776605 32
61.803617 14
61.813352 13
61.832329 56
61.896633 12
61.925287 58
61.959746 55
61.993163 38
62.077383 9
62.097894 35
62.268137 15
62.311758 59
62.315021 60
62.408309 16
62.431793 58
62.460334 55
62.515751 33
62.527157 36
62.594554 34
62.604064 35
62.61804 41
62.653355 57
62.773548 15
62.790197 32
62.807592 14
62.820734 60
62.842289 56
62.908713 16
62.965591 55
63.034401 11
63.084382 9
63.112767 35
63.124089 41
63.153846 39
63.283163 15
63.299571 32
63.315316 14
63.320219 59
63.327837 13
63.34376 56
63.411501 18
63.416106 16
63.472771 55
63.522454 42
63.52388 33
63.588874 9
63.606832 34
63.627819 41
63.655194 39
63.787452 15
63.823885 59
63.825322 60
63.847428 56
63.888033 31
63.917029 16
63.955766 58
64.02527 42
64.292558 15
64.304954 32
64.334354 10
64.352103 56
64.424604 16
64.436954 40
64.460257 58
64.465714 54
64.4741 55
64.541836 33
64.545272 36
64.627157 35
64.639215 41
64.796595 15
64.811369 32
64.834 60
64.836953 59
64.844066 10
64.859197 30
64.861111 56
64.932851 16
64.964688 58
64.980731 55
65.034746 42
65.050783 33
65.139222 41
65.167994 57
65.171964 39
65.305425 15
65.333215 14
65.342581 60
65.348042 10
65.349196 13
65.471255 58
65.475089 54
65.485896 55
65.551598 36
65.557167 33
65.608242 9
65.633097 34
65.669805 57
65.812331 15
65.828378 32
65.843981 59
65.871625 30
65.943516 16
65.975991 58
65.990207 55
66.021611 53
66.046634 42
66.058072 36
66.142836 41
66.153725 35
66.190376 17
66.316429 15
66.335189 32
66.359807 10
66.373854 56
66.410837 31
66.440272 18
66.446301 16
66.488829 54
66.499951 55
66.551403 42
66.560353 33
66.561403 36
66.617224 9
66.635 34
66.652547 41
66.680499 57
66.687331 39
66.820528 15
66.836629 32
66.857886 60
66.858951 14
66.860172 13
66.862928 10
66.877858 56
66.944945 18
66.953143 16
66.986928 58
66.99637 54
67.006917 55
67.053821 42
67.063808 33
67.108405 8
67.12553 9
67.20434 17
67.321178 15
67.361427 14
67.387293 56
67.419184 31
67.456142 16
67.46512 40
67.508329 55
67.570802 33
67.628709 9
67.662989 35
67.686141 57
67.695734 39
67.714176 17
67.829611 15
67.854188 32
67.862743 14
67.864717 59
67.872313 10
67.891205 56
67.927217 31
67.949378 18
67.959353 16
67.991793 58
68.003854 54
68.011511 55
68.040355 53
68.070358 36
68.072486 33
68.118767 8
68.133291 9
68.14414 34
68.216107 17
68.358802 32
68.371587 59
68.400427 56
68.431345 31
68.466105 16
68.481578 40
68.501777 58
68.516188 55
68.568707 42
68.577009 33
68.6736 41
68.681714 27
68.699223 57
68.717704 17
68.749189 25
68.789228 28
68.833139 15
68.859877 32
68.873676 14
68.898885 29
68.903057 56
68.936663 31
68.96791 12
68.9695 16
69.007154 58
69.014206 54
69.023399 55
69.043364 53
69.078207 42
69.079487 33
69.12742 8
69.152801 9
69.156175 34
69.181938 41
69.190753 27
69.205001 57
69.212473 39
69.224183 17
69.227465 6
69.333179 15
69.367878 32
69.384503 59
69.403924 29
69.412676 56
69.440852 31
69.464587 18
69.478082 16
69.507404 58
69.526703 55
69.552498 53
69.574567 37
69.58576 19
69.588525 33
69.631151 8
69.65888 9
69.685289 35
69.696373 27
69.727823 17
69.788623 52
69.797722 28
69.843137 15
69.876855 32
69.879725 14
69.88463 59
69.918511 56
69.944033 31
70.020285 54
70.057024 53
70.086042 19
70.086977 36
70.09555 33
70.135828 8
70.185631 35
70.198546 27
70.208134 57
70.230945 17
70.235806 6
70.352423 15
70.381012 32
70.387908 14
70.391011 59
70.415314 29
70.425993 56
70.436298 43
70.452494 31
70.494942 16
70.51178 58
70.525203 54
70.533525 55
70.595434 36
70.598731 33
70.643191 8
70.693463 41
70.711409 57
70.727901 39
70.736142 17
70.85936 15
70.886358 32
70.921818 29
70.999131 16
71.013129 58
71.043634 55
71.101086 33
71.104045 36
71.17217 9
71.21615 57
71.237214 39
71.24555 17
71.359827 15
71.393413 32
71.395758 14
71.400785 59
71.406519 10
71.430825 29
71.436197 56
71.505119 16
71.514966 58
71.552401 55
71.580885 53
71.610095 33
71.612106 36
71.677424 9
71.746291 17
71.869358 15
71.897509 32
71.90095 14
71.938278 56
71.940899 29
72.012755 16
72.016193 58
72.062144 55
72.08712 53
72.112171 36
72.11477 33
72.156521 8
72.378583 15
72.400902 32
72.408522 14
72.414799 59
72.419047 10
72.44194 29
72.519195 16
72.522973 58
72.566822 55
72.589143 53
72.616174 36
72.624876 33
72.659032 8
72.68723 9
72.727231 27
72.746996 39
72.758302 17
72.761129 6
72.813968 52
72.820605 5
72.828298 28
72.88018 15
72.909025 32
72.945545 29
72.947751 56
72.998214 18
73.025069 16
73.076229 55
73.090129 53
73.120084 36
73.128788 33
73.167951 8
73.193308 9
73.214413 35
73.255607 39
73.266338 17
73.268763 6
73.330557 5
73.334529 28
73.38971 15
73.410862 32
73.413778 14
73.420605 59
73.426753 10
73.454337 29
73.457186 56
73.506549 18
73.529104 16
73.52979 58
73.586277 55
73.624758 36
73.673117 8
73.693802 9
73.724062 35
73.743173 27
73.759061 39
73.770873 6
73.775868 17
73.828418 52
73.831813 5
73.842835 28
73.891825 15
73.912272 32
73.921991 14
73.924638 59
73.962899 56
74.031291 58
74.09425 55
74.139359 33
74.175505 8
74.194967 9
74.268527 39
74.277617 17
74.280735 6
74.337153 52
74.394948 15
74.412522 32
74.423032 14
74.462951 29
74.467146 56
74.538805 58
74.541234 16
74.594259 55
74.638713 36
74.648032 33
74.679511 8
74.702967 9
74.779792 17
74.898222 15
74.912742 32
74.928285 14
74.966525 29
74.972676 56
75.016601 18
75.040581 58
75.045178 16
75.096647 55
75.147354 36
75.157437 33
75.184067 8
75.236287 35
75.282029 17
75.40287 15
75.420774 32
75.434026 14
75.441494 59
75.470221 29
75.478052 56
75.548979 58
75.602179 55
75.62762 53
75.648182 36
75.658877 33
75.693046 8
75.695915 34
75.720128 9
75.742609 35
75.743645 57
75.753847 27
75.779713 39
75.783808 17
75.798541 6
75.869587 28
75.912095 15
75.92432 32
75.944223 14
75.946655 59
75.971507 29
75.980103 56
76.001284 31
76.049412 58
76.111862 55
76.152124 36
76.162423 33
76.197876 8
76.223123 9
76.25 35
76.290439 17
76.417415 15
76.434548 32
76.448216 59
76.449841 14
76.47267 29
76.48731 56
76.492326 60
76.555734 58
76.592838 54
76.62804 37
76.667068 33
76.70411 8
76.708041 34
76.726852 9
76.752563 41
76.759771 35
76.763899 27
76.79588 17
76.925328 15
76.938888 32
76.975329 29
76.989666 56
76.995322 60
77.006924 43
77.016161 31
77.054241 16
77.058639 58
77.062286 40
77.118775 55
77.13781 3
77.149589 53
77.160838 19
77.165805 11
77.170278 33
77.233052 9
77.260413 41
77.265129 57
77.273151 27
77.297721 17
77.300298 39
77.332388 20
77.432326 15
77.444997 32
77.458668 14
77.486241 30
77.495348 56
77.497707 60
77.522883 31
77.536518 18
77.543247 12
77.570103 40
77.606364 54
77.635342 38
77.651735 53
77.670406 33
77.674719 36
77.742303 9
77.756605 51
77.762586 41
77.772524 57
77.781091 27
77.80246 17
77.871326 52
77.9356 15
77.949184 32
77.962265 59
77.963586 26
77.990944 30
78.001558 60
78.003105 56
78.029329 31
78.046654 18
78.077982 40
78.135331 55
78.172712 42
78.220431 8
78.221728 34
78.268147 41
78.277051 57
78.302744 17
78.379085 52
78.380834 5
78.444124 15
78.454561 32
78.459204 13
78.469928 59
78.494915 30
78.495695 29
78.509244 56
78.511542 60
78.531168 31
78.576906 58
78.611101 54
78.641412 55
78.660328 53
78.677733 19
78.684456 33
78.687057 36
78.724986 8
78.755802 9
78.76819 51
78.77664 35
78.779106 57
78.808368 17
78.913073 28
78.948375 15
78.957649 32
78.974479 59
79.013218 56
79.019696 60
79.039232 31
79.076639 16
79.078346 58
79.141757 55
79.180998 42
79.185399 19
79.287386 57
79.312985 17
79.329061 6
79.465223 32
79.478176 59
79.544977 31
79.563968 18
79.580397 58
79.591729 40
79.62661 54
79.643444 55
79.673317 53
79.686085 33
79.728885 34
79.738765 8
79.786233 41
79.789776 57
79.814428 17
79.863796 7
79.967761 32
79.989508 14
80.022323 56
80.048372 31
80.066688 18
80.082753 58
80.086571 16
80.091734 40
80.153034 55
80.162999 38
80.179795 53
80.186294 42
80.237099 34
80.248532 8
80.287033 41
80.293136 35
80.294456 57
80.316923 44
80.318793 39
80.322769 17
80.337158 6
80.459108 45
80.476068 32
80.527181 56
80.547658 43
80.552927 31
80.568584 18
80.593628 16
80.656949 55
80.688408 42
80.743422 34
80.749646 8
80.794303 41
80.801271 57
80.814512 27
80.823174 17
80.871529 7
80.970385 15
80.980102 32
80.993751 59
81.032073 30
81.035457 56
81.037937 60
81.053332 31
81.148074 54
81.196628 53
81.257802 8
81.310359 35
81.32593 17
81.481756 32
81.523335 29
81.541993 56
81.543984 60
81.559565 31
81.576771 18
81.598801 16
81.655432 54
81.665113 55
81.693765 42
81.709784 19
81.762785 8
81.791415 9
81.879018 7
81.922381 52
81.974957 45
81.985546 32
82.025872 29
82.040686 30
82.047919 56
82.067568 31
82.079277 18
82.102531 16
82.105603 58
82.114671 40
82.123067 21
82.15568 54
82.169272 55
82.185919 38
82.201829 42
82.264502 8
82.291756 9
82.319164 41
82.334579 27
82.339528 17
82.340934 44
82.36034 6
82.387202 7
82.483108 15
82.492662 32
82.535458 29
82.549722 30
82.554212 56
82.571421 31
82.58096 18
82.612608 16
82.662855 54
82.672027 55
82.704377 53
82.70965 42
82.718617 19
82.764938 8
82.800952 51
82.820385 57
82.844877 17
82.865166 6
82.890504 7
82.989252 15
82.993126 32
83.055286 56
83.058668 30
83.073351 31
83.084839 18
83.111108 58
83.135383 21
83.169327 54
83.178779 55
83.214754 42
83.26553 46
83.302274 51
83.330285 41
83.351661 17
83.390846 7
83.429363 52
83.440021 5
83.498747 32
83.567552 30
83.581201 31
83.594853 18
83.619903 58
83.622388 16
83.631501 40
83.644652 49
83.681198 55
83.682887 37
83.721263 42
83.729463 19
83.861917 44
83.899335 7
84.008488 32
84.064117 56
84.074147 30
84.082308 31
84.091686 43
84.103829 18
84.121312 58
84.180351 54
84.185998 55
84.217222 53
84.221034 3
84.235878 19
84.308408 9
84.380774 6
84.408863 7
84.412138 20
84.440303 52
84.459879 28
84.51655 32
84.569158 56
84.575585 30
84.591257 31
84.606542 18
84.646884 21
84.647379 40
84.689241 55
84.724189 53
84.742171 19
84.792374 8
84.876761 44
84.886791 6
84.918085 7
84.940494 52
85.055251 29
85.078319 56
85.092394 31
85.096524 43
85.133702 16
85.189085 54
85.191569 55
85.19318 50
85.230454 53
85.246891 42
85.249288 19
85.276702 34
85.295678 8
85.310675 51
85.377606 17
85.390367 6
85.421081 7
85.444957 52
85.469532 28
85.512858 15
85.524649 32
85.579667 56
85.582062 30
85.600608 24
85.631126 58
85.636181 16
85.69176 55
85.698793 54
85.730593 3
85.738276 53
85.755856 19
85.799745 8
85.893911 6
85.922766 7
85.930524 20
85.965404 5
86.018349 45
86.064414 29
86.092197 30
86.122368 18
86.157958 21
86.176439 49
86.198848 55
86.206486 54
86.244541 53
86.251621 33
86.263155 19
86.320398 51
86.394221 6
86.435351 20
86.451656 52
86.597144 30
86.70557 55
86.711312 54
86.754163 53
86.773263 19
86.830112 51
86.874549 27
86.894021 17
86.894562 6
86.936912 20
86.975148 5
87.073607 29
87.091068 56
87.097331 30
87.122769 43
87.164904 21
87.203194 50
87.208417 55
87.212566 54
87.258628 53
87.27861 19
87.38432 27
87.391928 44
87.3989 6
87.437053 47
87.443661 20
87.457653 52
87.482964 5
87.574282 29
87.599716 30
87.613916 31
87.67181 21
87.706285 50
87.722701 54
87.762269 53
87.779715 19
87.837547 51
87.853762 9
87.863166 22
87.898526 44
87.949281 20
87.953216 25
87.962849 52
87.988478 28
88.056538 32
88.072881 26
88.104541 30
88.175206 21
88.207606 50
88.211455 55
88.262522 53
88.283139 19
88.323338 46
88.337771 51
88.393125 41
88.393975 27
88.403994 44
88.410384 6
88.441801 47
88.452949 20
88.459451 25
88.46423 52
88.492816 28
88.502047 5
88.624552 31
88.715674 55
88.737051 54
88.772602 53
88.790836 19
88.84718 51
88.953106 20
88.970578 52
89.003364 5
89.090284 29
89.090927 26
89.107905 23
89.110255 30
89.129351 31
89.14824 18
89.177461 16
89.185569 21
89.217511 50
89.238855 54
89.274595 53
89.354575 51
89.420364 44
89.457017 20
89.463956 25
89.477001 52
89.506162 28
89.512004 5
89.557884 15
89.560883 45
89.576788 32
89.596944 26
89.599596 29
89.613799 30
89.6886 21
89.721853 50
89.731407 55
89.742826 54
89.77491 53
89.777176 42
89.799058 19
89.833735 46
89.963767 20
89.976979 52
90.061222 45
90.077587 32
90.100423 29
90.103144 26
90.132235 31
90.165917 18
90.189179 2
90.191233 21
90.231963 50
90.236085 55
90.251984 54
90.276902 53
90.308677 19
90.387552 22
90.419389 27
90.424113 17
90.428914 44
90.463536 47
90.473262 20
90.487027 52
90.508766 28
90.564307 45
90.583605 32
90.590873 4
90.600701 29
90.610443 26
90.62349 23
90.627142 30
90.633067 31
90.664479 43
90.675533 18
90.68407 58
90.686393 16
90.690714 2
90.698475 21
90.72038 49
90.737771 55
90.756931 54
90.782924 53
90.808836 19
90.881001 51
90.889726 22
90.919547 27
90.9823 20
90.988774 52
91.010449 28
91.071849 45
91.087395 32
91.102598 29
91.135882 31
91.172573 43
91.181519 18
91.193908 16
91.24016 55
91.26197 54
91.283757 53
91.317022 19
91.39019 22
91.420661 41
91.488591 20
91.491314 52
91.517107 28
91.581343 45
91.589415 32
91.636152 30
91.690128 18
91.694312 16
91.716253 21
91.724947 49
91.749262 55
91.779543 3
91.789869 53
91.824047 19
91.83947 46
91.896514 22
91.935096 17
91.937228 27
91.989329 20
91.998097 52
92.025596 28
92.085069 45
92.09 32
92.096058 4
92.110722 29
92.1411 30
92.176887 24
92.190559 18
92.203291 16
92.226455 21
92.233166 49
92.253451 55
92.287602 3
92.291862 53
92.328601 19
92.400042 51
92.405249 22
92.434508 48
92.438308 44
92.439774 17
92.441476 27
92.49321 20
92.505612 52
92.534175 28
92.54084 5
92.587392 45
92.618874 29
92.644186 30
92.644969 31
92.694958 18
92.726983 21
92.739767 49
92.761059 50
92.761791 55
92.797217 3
92.801057 53
92.837853 19
92.902249 51
92.912641 22
92.939542 44
92.949335 17
92.949996 27
92.998464 20
93.014042 52
93.037842 28
93.088525 45
93.124249 29
93.144708 30
93.197739 18
93.210752 16
93.230868 21
93.242462 49
93.305156 53
93.307381 3
93.40293 51
93.416401 22
93.451772 27
93.460628 17
93.502832 20
93.539679 28
93.596431 45
93.597556 32
93.627396 29
93.646116 30
93.6524 31
93.695897 43
93.732372 21
93.771755 55
93.788018 54
93.807301 53
93.849585 19
93.863728 46
93.965374 17
93.981419 6
94.012481 20
94.041973 28
94.054128 5
94.135059 29
94.141307 59
94.145025 26
94.151613 30
94.161715 31
94.205151 43
94.234334 21
94.251088 49
94.269508 50
94.274144 55
94.288662 54
94.312559 53
94.32394 42
94.357861 19
94.365077 46
94.407365 8
94.450089 44
94.455073 48
94.473958 17
94.481668 6
94.506729 7
94.512608 20
94.524777 52
94.545335 28
94.558741 5
94.607059 45
94.609011 32
94.643943 29
94.657231 30
94.7095 18
94.776564 55
94.793823 54
94.818611 53
94.825363 3
94.859699 19
94.918706 51
94.935281 22
94.959785 27
94.979003 17
95.025059 52
95.045461 28
95.06787 5
95.111487 45
95.15356 29
95.157028 26
95.165444 30
95.170489 23
95.249763 21
95.260933 49
95.279166 55
95.319413 53
95.333452 3
95.337841 42
95.36413 19
95.435409 22
95.468258 44
95.484657 17
95.517318 20
95.525677 52
95.547084 28
95.57645 5
95.615 45
95.636101 4
95.657713 29
95.671612 30
95.702916 24
95.721867 18
95.747867 16
95.754288 21
95.783111 55
95.804205 54
95.821132 53
95.870972 19
95.935143 51
95.942008 22
95.966659 48
95.967762 27
95.991258 17
96.027027 20
96.053223 28
96.084785 5
96.12013 45
96.159396 29
96.179092 30
96.228768 18
96.25915 21
96.267514 49
96.287487 50
96.290229 55
96.307627 54
96.321843 53
96.345298 3
96.376503 19
96.435275 51
96.44525 22
96.472742 27
96.474862 44
96.500452 17
96.534722 20
96.544339 52
96.560704 28
96.623765 45
96.633082 32
96.669531 29
96.683002 30
96.696726 31
96.737408 18
96.762729 21
96.772407 49
96.779816 40
96.796127 55
96.817518 54
96.829329 53
96.851343 3
96.883009 19
96.937573 51
96.955022 22
96.977767 44
96.979003 27
97.000675 17
97.034788 20
97.044682 52
97.070261 28
97.126301 45
97.138337 32
97.150198 4
97.174387 29
97.188896 30
97.205278 31
97.2384 43
97.245346 18
97.264782 21
97.270959 16
97.277849 49
97.280584 40
97.298399 50
97.301201 55
97.319108 54
97.332939 53
97.354977 3
97.388264 19
97.44152 51
97.463665 22
97.481573 27
97.504957 17
97.536594 20
97.548688 52
97.572982 28
97.627922 45
97.637317 15
97.639228 32
97.681837 29
97.689663 30
97.7138 31
97.74506 43
97.755237 18
97.772543 21
97.773072 16
97.802223 50
97.804323 55
97.824085 54
97.84076 53
97.895686 19
97.946992 51
97.989299 27
98.002495 47
98.005393 17
98.038185 20
98.05605 52
98.075428 28
98.142255 32
98.15989 4
98.186418 29
98.19931 30
98.21927 31
98.226457 24
98.251538 43
98.260856 18
98.280059 21
98.282966 16
98.28919 49
98.310343 55
98.327965 54
98.345378 53
98.375214 3
98.400301 19
98.473261 22
98.489763 27
98.50464 47
98.506073 17
98.546705 20
98.561551 52
98.585595 28
98.632842 45
98.647601 32
98.662646 4
98.688802 29
98.706881 30
98.724435 31
98.769343 18
98.785988 21
98.789809 16
98.796188 49
98.810602 50
98.816424 55
98.830165 54
98.849202 53
98.901864 19
98.953084 51
98.975373 22
98.993309 27
99.002724 44
99.047747 20
99.070408 52
99.093046 28
99.134768 45
99.15426 32
99.16467 4
99.19143 29
99.201625 26
99.232547 24
99.276824 18
99.290605 21
99.32397 55
99.336944 54
99.359068 53
99.478249 22
99.500212 27
99.506575 44
99.573821 25
99.57542 52
99.599856 28
99.632057 5
99.640662 45
99.65689 32
99.693967 29
99.720041 30
99.723743 23
99.733727 31
99.778476 18
99.794036 16
99.794948 21
99.811862 49
99.821605 50
99.830692 55
99.84479 54
99.859291 53
99.889732 42
99.895363 3
99.915975 19
99.926585 46
99.960977 51
99.981979 22
100.004055 41
100.009129 27
100.012807 44
100.017117 17
100.082375 25
100.085133 52
100.106178 28
100.17183 4
100.19867 29
100.224256 30
100.281562 18
100.299961 21
100.318342 49
100.32198 50
100.338817 55
100.353918 54
100.363237 53
100.436571 46
100.466144 51
100.487356 22
100.509836 27
100.51343 41
100.525521 47
100.560458 20
100.590899 25
100.594326 52
100.611585 28
100.657971 45
100.707921 29
100.70869 26
100.733492 23
100.777161 2
100.803724 21
100.822227 49
100.822935 50
100.858224 54
100.864131 53
100.930331 19
100.970884 51
100.993711 22
101.01357 48
101.01996 44
101.101047 52
101.111803 28
101.158585 45
101.217851 26
101.295009 43
101.304527 21
101.333106 50
101.36726 54
101.498997 22
101.524954 27
101.573803 20
101.606701 52
101.619559 28
101.662006 45
101.690443 4
101.72103 26
101.73549 23
101.80225 43
101.813874 21
101.831311 49
101.840683 50
101.855199 55
101.879652 53
101.918504 3
101.950843 46
101.982591 51
102.028561 27
102.030531 44
102.105636 25
102.127987 28
102.159026 5
102.194083 4
102.219375 29
102.314798 21
102.332358 49
102.358992 55
102.383623 54
102.386467 53
102.457136 46
102.461503 1
102.484218 51
102.508776 22
102.529818 27
102.584585 20
102.606988 25
102.611263 52
102.6362 28
102.697724 4
102.73755 26
102.821826 21
102.847628 50
102.863974 55
102.891755 53
102.993688 51
103.035744 27
103.049311 44
103.120426 52
103.136999 28
103.166634 5
103.179472 45
103.206217 4
103.239447 26
103.330899 21
103.34376 49
103.374083 55
103.442101 3
103.462704 46
103.625682 52
103.638866 28
103.713764 4
103.748821 26
103.758497 23
103.763313 30
103.802085 2
103.840642 21
103.880348 55
103.900196 53
103.947566 3
103.969791 46
103.971921 1
104.007074 51
104.130756 52
104.144364 28
104.189885 45
104.221617 4
104.245116 29
104.252092 26
104.264843 30
104.279383 24
104.343611 21
104.354032 50
104.385818 55
104.40576 53
104.447874 3
104.475383 46
104.514175 22
104.517215 51
104.55102 27
104.573262 47
104.617127 25
104.63943 52
104.686819 5
104.747073 29
104.751266 26
104.769711 23
104.772415 30
104.847679 21
104.860208 49
104.86405 50
104.889947 55
104.950715 3
105.020826 51
105.023153 22
105.055573 27
105.149081 52
105.259975 26
105.289683 24
105.356416 21
105.365951 50
105.399842 55
105.411363 53
105.456088 3
105.527829 22
105.558722 27
105.612996 20
105.6292 25
105.654399 52
105.701842 5
105.760683 26
105.781077 23
105.796985 24
105.863309 49
105.903116 55
105.919673 53
105.957586 3
106.027957 22
106.028901 51
106.068188 27
106.087006 44
106.13397 25
106.157886 52
106.218737 45
106.267768 26
106.287676 23
106.301419 24
106.365639 49
106.384187 50
106.412859 55
106.417861 54
106.428409 53
106.45942 3
106.532329 51
106.534525 22
106.573229 27
106.635353 25
106.769909 26
106.788359 30
106.792993 23
106.803807 24
106.888346 50
106.922693 55
106.968303 3
106.994918 46
107.002822 1
107.036977 51
107.043626 22
107.0911 47
107.138413 25
107.173526 52
107.175246 28
107.273759 26
107.301941 23
107.306166 24
107.341239 2
107.38866 50
107.427401 55
107.438163 53
107.477124 3
107.508936 1
107.542694 51
107.578429 27
107.587447 48
107.644892 25
107.681529 52
107.77819 26
107.811225 23
107.841614 2
107.874335 49
107.892331 50
107.929332 55
107.986648 3
108.01126 1
108.047098 51
108.057861 22
108.087071 27
108.091818 48
108.149061 20
108.151433 25
108.191485 52
108.267406 4
108.285885 26
108.314864 23
108.343423 2
108.37526 49
108.393591 50
108.453776 53
108.489916 3
108.520022 1
108.563299 22
108.596537 27
108.661451 25
108.814918 24
108.81838 23
108.852496 2
108.903047 21
108.934598 55
109.025733 1
109.101292 48
109.1632 25
109.295265 26
109.3163 24
109.381566 49
109.407768 50
109.437688 55
109.511401 46
109.529063 1
109.562233 51
109.60197 48
109.60958 27
109.668977 25
109.710001 52
109.822534 24
109.889175 49
109.909334 50
110.004815 3
110.032821 1
110.07155 51
110.115329 6
110.119109 47
110.171519 25
110.302752 26
110.324984 24
110.331829 23
110.359389 2
110.398492 49
110.412211 50
110.446005 55
110.539142 1
110.61185 27
110.679066 25
110.727137 52
110.832164 24
110.90015 49
111.047874 1
111.187468 25
111.233583 52
111.333546 24
111.54861 1
111.577134 51
111.6341 48
111.695564 25
111.881754 2
112.018009 3
112.143842 48
112.247789 52
112.303461 4
112.653583 48
112.921459 49
112.950034 50
112.968416 55
113.025857 3
113.201666 25
113.354575 24
113.45105 50
113.647861 47
113.708419 25
113.767923 52
113.863311 24
113.95172 21
113.975238 55
114.057789 46
114.166207 48
114.209069 25
114.434001 49
114.459053 21
114.689851 41
114.911926 2
114.979191 55
114.993753 54
115.169952 47
115.177115 48
115.835894 45
115.875246 24
115.885036 23
115.970646 21
115.978407 50
115.98757 55
116.051872 3
116.18253 48
116.341529 4
116.355945 26
116.376537 24
116.389773 23
116.448749 49
116.531406 53
116.578942 46
116.673046 27
116.683086 48
116.863762 26
116.886158 24
116.892069 23
116.951994 49
116.983429 50
117.179186 27
117.359188 45
117.371031 26
117.399706 23
117.865508 45
117.871067 26
117.908318 23
117.957659 49
118.006828 55
118.149035 51
118.377877 26
118.416778 23
118.460842 49
118.489825 21
118.512482 55
118.625631 1
118.654263 51
118.888014 26
118.969244 49
118.989834 21
119.003666 50
119.013925 55
119.375826 4
119.389759 26
119.426009 23
119.474167 49
119.517595 55
119.670517 51
119.889855 26
120.010855 50
120.025935 55
120.069769 53
120.172541 51
120.219957 44
120.388021 4
120.399504 26
120.487522 49
120.517761 50
120.526339 55
120.902134 26
120.932255 23
120.987899 49
121.003755 21
121.019936 50
121.033367 55
121.081841 53
121.409402 26
121.433331 23
121.488611 49
121.526201 50
121.533345 55
121.583194 53
121.686486 51
121.914443 26
121.936359 23
121.991397 49
122.02975 50
122.039914 55
122.229903 27
122.259344 47
122.415119 26
122.500043 49
122.534031 50
122.545263 55
122.694806 51
122.743913 44
122.747924 48
122.767563 47
122.919855 26
122.937289 23
123.009452 49
123.051801 55
123.147756 46
123.197989 51
123.267908 47
123.411789 4
123.443582 23
123.516847 49
123.529282 21
123.542074 50
123.553427 55
123.65765 46
123.703554 51
123.737855 27
123.757245 48
123.822312 25
123.875436 52
123.931466 45
123.932072 26
124.040795 50
124.243873 27
124.31982 28
124.327631 25
124.437694 45
124.45504 23
124.491872 24
124.5212 49
124.545077 21
124.56501 55
124.747754 27
124.770106 48
125.029083 49
125.064988 55
125.181413 46
125.272035 48
125.343275 25
125.43151 4
125.461219 23
125.557546 21
125.559199 50
125.565332 55
125.77726 48
126.01155 24
126.06171 50
126.07245 55
126.09133 54
126.224323 51
126.274595 44
126.284683 48
126.40532 52
126.514793 24
126.547484 49
126.579875 43
126.794852 48
126.859385 25
127.019593 24
127.051949 49
127.085406 55
127.275187 27
127.301481 48
127.315833 47
127.351241 20
127.45103 26
127.519631 24
127.55379 49
127.591121 55
127.619376 53
127.748582 22
127.975895 45
127.986186 23
128.024645 24
128.092197 55
128.122559 53
128.208371 46
128.309978 48
128.334284 41
128.422928 52
128.5292 24
128.56388 49
128.591905 50
128.59837 21
128.600079 55
128.631449 53
128.749861 19
128.816668 48
128.838992 47
128.881181 25
128.96963 26
129.038302 24
129.070085 49
129.104757 21
129.120067 54
129.218517 46
129.341474 47
129.38763 25
129.436646 52
129.492628 45
129.499764 30
129.542644 24
129.574214 49
129.643369 53
129.72484 46
129.765405 51
129.811197 44
129.833191 48
129.846091 47
129.94413 52
129.97727 26
130.009468 23
130.045857 24
130.082433 49
130.104557 43
130.11195 50
130.113311 55
130.230523 46
130.271992 1
130.30751 27
130.33509 48
130.376946 28
130.484996 26
130.505159 29
130.516189 23
130.527526 31
130.584335 49
130.616011 55
130.621907 50
130.738556 46
130.778882 51
130.842146 48
130.856302 47
130.907488 20
130.985795 26
131.018088 23
131.065221 24
131.085168 49
131.122096 21
131.123015 50
131.148125 54
131.165155 53
131.248084 46
131.282127 51
131.342519 48
131.358143 47
131.415956 25
131.486167 26
131.518401 23
131.530225 56
131.591465 49
131.628727 21
131.632789 50
131.663707 42
131.749831 46
131.777627 22
131.788179 51
131.828584 27
131.862608 47
131.967048 52
131.989346 26
132.007141 45
132.026067 23
132.039935 56
132.075491 24
132.098982 49
132.121647 43
132.125466 55
132.136048 18
132.142654 50
132.16759 42
132.252005 46
132.292583 51
132.350223 48
132.370124 47
132.381669 41
132.428162 20
132.472397 52
132.492006 26
132.514408 45
132.583343 24
132.633562 55
132.651482 50
132.660434 54
132.75424 46
132.785221 19
132.792594 22
132.793234 51
132.837323 27
132.84346 44
132.855295 48
132.897661 28
132.973381 52
133.02207 45
133.037953 23
133.084999 24
133.115694 49
133.141616 16
133.149567 21
133.161165 50
133.178192 53
133.256016 46
133.294566 19
133.298432 51
133.343924 44
133.362718 48
133.380732 47
133.400748 28
133.436107 20
133.483124 52
133.505779 26
133.525095 45
133.542232 23
133.625164 49
133.640933 55
133.654367 21
133.655743 18
133.66392 50
133.674787 42
133.685953 53
133.762645 46
133.795995 22
133.80604 51
133.847406 27
133.872459 48
133.888736 47
133.99311 52
134.028211 45
134.050181 56
134.052248 23
134.095422 24
134.134298 49
134.149547 55
134.157059 18
134.162036 21
134.17342 50
134.175062 54
134.268085 46
134.300579 22
134.311756 51
134.348876 27
134.396406 47
134.410463 28
134.499893 52
134.517325 26
134.535478 45
134.548445 30
134.557321 23
134.605471 24
134.655201 55
134.669094 21
134.676694 50
134.679734 54
134.690824 53
134.737722 3
134.808978 22
134.815184 51
134.850896 27
134.853617 44
134.901203 41
134.952693 20
135.002555 52
135.037465 45
135.045688 29
135.164059 55
135.173558 21
135.184742 54
135.185547 42
135.27466 46
135.30987 22
135.317327 19
135.325111 51
135.353405 27
135.402314 47
135.421855 28
135.506317 52
135.519786 32
135.546943 29
135.555692 56
135.587233 31
135.670658 55
135.676253 21
135.688918 50
135.698227 53
135.774941 46
135.813844 22
135.826677 51
135.858694 17
135.862784 44
135.931351 28
135.962804 20
136.016304 52
136.053249 45
136.054515 29
136.0729 30
136.074889 23
136.179852 55
136.181938 21
136.191979 50
136.193751 54
136.20617 53
136.21176 40
136.336483 51
136.393092 48
136.409809 47
136.415047 41
136.438771 28
136.468973 20
136.518783 52
136.556289 29
136.559356 45
136.570565 56
136.655133 43
136.658455 49
136.684133 55
136.691346 21
136.703459 54
136.705902 42
136.715213 53
136.785179 46
136.826918 22
136.840399 51
136.864989 27
136.866702 44
136.944635 28
136.971755 20
137.022148 52
137.068544 45
137.196238 21
137.211549 54
137.217938 53
137.224037 40
137.28662 46
137.328909 22
137.342575 51
137.370218 44
137.419119 41
137.531829 52
137.573142 29
137.578069 45
137.669522 49
137.685535 16
137.689734 55
137.709369 50
137.722769 53
137.794958 46
137.837522 22
137.841529 19
137.84939 51
137.879501 44
137.955967 28
137.973566 20
138.036262 52
138.080941 45
138.082056 29
138.146575 24
138.173529 49
138.17725 43
138.190414 55
138.212918 50
138.22268 42
138.229958 54
138.295362 46
138.345432 22
138.3495 19
138.35825 51
138.388784 44
138.407828 48
138.430201 47
138.550631 26
138.585888 45
138.587982 56
138.59708 23
138.627653 31
138.678662 43
138.691246 55
138.730053 54
138.730805 42
138.742942 40
138.798115 46
138.848002 22
138.867384 51
138.889645 44
138.89018 17
138.897787 27
138.935612 47
139.00072 25
139.051444 52
139.091201 45
139.099925 23
139.129247 31
139.159744 24
139.182087 43
139.183589 49
139.195863 55
139.213616 18
139.221876 50
139.234176 54
139.24371 40
139.305141 46
139.353533 22
139.358119 19
139.371696 51
139.391959 17
139.405208 27
139.44441 47
139.470303 15
139.49366 20
139.561217 52
139.593212 56
139.596637 45
139.638349 31
139.663933 24
139.691434 43
139.701883 55
139.715508 21
139.721188 18
139.72509 50
139.735827 54
139.752717 40
139.811709 46
139.859063 22
139.880739 51
139.891794 44
139.913575 27
139.946373 47
140.001813 20
140.067908 52
140.100851 45
140.113183 23
140.144124 31
140.165468 24
140.192428 49
140.197697 43
140.231353 18
140.233521 50
140.245138 54
140.255469 40
140.317057 46
140.361115 22
140.384838 51
140.398025 44
140.406045 17
140.450197 47
140.509295 20
140.524032 25
140.568435 52
140.605951 45
140.623048 23
140.670786 24
140.699396 49
140.709895 55
140.741128 50
140.745691 54
140.823838 46
140.892599 51
140.899923 44
140.907641 17
140.914564 27
140.957561 47
141.014885 20
141.02987 25
141.072898 52
141.115689 45
141.123543 23
141.174823 24
141.220065 55
141.235237 18
141.237355 21
141.248224 53
141.255643 54
141.271377 40
141.277793 3
141.330376 46
141.368209 22
141.397095 51
141.407864 17
141.418965 27
141.463765 47
141.535708 25
141.573363 52
141.624207 45
141.656781 31
141.683956 24
141.715573 43
141.723491 55
141.740704 18
141.753177 53
141.753841 50
141.757172 54
141.837371 46
141.897806 51
141.913485 44
141.919214 27
141.967223 47
142.076392 52
142.133457 45
142.185917 24
142.217613 49
142.228565 55
142.245865 18
142.253949 53
142.256383 50
142.258152 54
142.341955 46
142.375149 22
142.400166 51
142.416635 44
142.468574 47
142.527381 20
142.57933 52
142.637519 45
142.730497 55
142.765541 54
142.790068 40
142.849805 46
142.909819 51
142.92427 44
143.079704 52
143.196706 24
143.233923 55
143.266887 54
143.349782 46
143.383189 22
143.410378 51
143.433157 44
143.479121 47
143.583709 52
143.701598 24
143.735396 55
143.772628 54
143.856869 46
143.883837 22
143.917589 51
143.938067 27
143.942806 44
143.980993 47
144.085365 52
144.110197 26
144.153248 23
144.211676 24
144.236411 55
144.25684 43
144.275186 50
144.282671 54
144.366214 46
144.388055 22
144.425717 51
144.447747 27
144.48854 47
144.589035 52
144.656422 45
144.664102 29
144.714157 24
144.745574 55
144.792012 54
144.897705 22
144.927069 51
144.948647 44
144.954344 27
144.956571 17
144.998314 47
145.096672 52
145.159945 23
145.246956 55
145.299858 54
145.37053 46
145.431382 51
145.505831 47
145.669961 23
145.722687 24
145.756089 55
145.776135 18
145.779465 53
145.806545 54
145.871575 46
145.932002 51
145.9593 27
145.963612 44
146.013744 47
146.102882 52
146.171966 45
146.177109 23
146.177647 30
146.256921 55
146.281693 18
146.286982 53
146.307647 54
146.379456 46
146.44138 51
146.468857 27
146.471095 44
146.482702 48
146.522389 47
146.611069 52
146.65506 56
146.69381 29
146.758289 49
146.763246 55
146.791892 50
146.792506 21
146.817416 54
146.941787 51
146.971274 27
146.975679 44
147.012445 41
147.032499 47
147.057676 28
147.093305 25
147.117966 52
147.146329 26
147.157416 56
147.183166 23
147.321447 54
147.396132 46
147.41669 22
147.44204 51
147.446569 19
147.478035 44
147.480923 27
147.537361 47
147.601279 25
147.624145 52
147.6609 56
147.721234 31
147.739292 24
147.765308 55
147.767158 49
147.787106 43
147.796719 18
147.804848 50
147.949222 51
147.95396 19
147.980665 44
148.00262 48
148.040758 47
148.071785 28
148.128761 52
148.195539 23
148.247357 24
148.268734 55
148.293064 43
148.297242 18
148.313616 50
148.31485 53
148.324769 42
148.332685 54
148.401761 46
148.451307 51
148.454607 19
148.483205 44
148.606426 5
148.634903 52
148.662896 56
148.688767 45
148.702306 15
148.708274 30
148.716407 29
148.75353 24
148.771611 55
148.807346 18
148.815744 53
148.823817 50
148.835953 54
148.940696 22
148.958793 51
148.964653 19
148.98791 44
149.00425 17
149.081011 28
149.104012 20
149.197986 45
149.202803 15
149.220042 29
149.244206 31
149.276868 55
149.297657 43
149.314888 18
149.319476 53
149.333452 42
149.339771 54
149.407237 46
149.459352 51
149.466766 19
149.497193 44
149.567477 39
149.583671 28
149.60478 20
149.636108 52
149.678928 56
149.706321 45
149.708947 15
149.719755 30
149.725905 29
149.745556 31
149.779714 55
149.804592 43
149.817676 21
149.843195 42
149.949895 22
150.033757 6
150.042605 41
150.142921 52
150.21017 45
150.22513 30
150.25301 31
150.274306 24
150.281676 55
150.309391 43
150.32392 53
150.343509 42
150.351802 54
150.505293 44
150.612236 20
150.715178 45
150.73992 29
150.788487 49
150.789436 55
150.806052 16
150.816754 43
150.822895 18
150.830307 53
150.845256 42
150.859281 54
150.972106 51
150.98125 19
150.986867 57
151.009785 44
151.049362 41
151.068584 47
151.121 20
151.149132 52
151.187063 56
151.222383 45
151.224142 15
151.243738 29
151.298782 55
151.326282 43
151.328606 18
151.336481 53
151.353412 42
151.363832 54
151.461604 22
151.490015 19
151.510066 44
151.555411 41
151.624361 20
151.6557 52
151.73451 30
151.799736 55
151.842441 53
151.867406 54
151.89208 40
151.940688 46
152.019959 44
152.02254 27
152.023987 17
152.142348 25
152.164802 52
152.234292 15
152.250551 29
152.300905 55
152.307602 58
152.310214 49
152.322157 16
152.338961 21
152.350751 53
152.368752 54
152.369724 42
152.396831 38
152.491209 51
152.497993 19
152.5297 44
152.630383 20
152.700813 56
152.744704 23
152.747334 30
152.75797 29
152.801065 55
152.825887 16
152.837506 43
152.839085 18
152.839824 21
152.852835 53
152.86961 54
152.872479 42
153.064617 41
153.206037 56
153.286838 31
153.302233 55
153.307622 60
153.345448 43
153.348 18
153.361389 53
153.373794 54
153.375478 42
153.401159 40
153.409206 38
153.495806 51
153.505788 19
153.538624 44
153.570544 41
153.740851 15
153.75726 30
153.760698 45
153.772107 29
153.80572 55
153.812175 60
153.84869 43
153.857311 18
153.879514 42
153.883807 54
153.905997 36
154.007656 19
154.0208 57
154.041468 44
154.079004 41
154.138272 20
154.193061 52
154.220727 56
154.259858 30
154.261526 45
154.29964 31
154.314334 55
154.343029 16
154.353581 43
154.362861 21
154.365341 18
154.376208 53
154.380499 42
154.389303 54
154.419475 38
154.469683 46
154.497778 51
154.509737 19
154.547852 44
154.553298 17
154.583191 41
154.704117 32
154.725891 56
154.760624 30
154.769036 45
154.823711 55
154.84975 16
154.854229 43
154.864967 50
154.885268 42
154.88641 53
154.899286 54
155.055579 44
155.092444 41
155.095419 6
155.135071 39
155.14662 28
155.207571 32
155.210074 52
155.232427 56
155.299567 13
155.330311 55
155.370872 18
155.391607 53
155.393089 42
155.396909 37
155.402585 54
155.417688 40
155.429928 38
155.515945 19
155.568178 17
155.602033 41
155.635839 39
155.708065 32
155.714873 52
155.732951 56
155.774151 30
155.803541 13
155.816223 59
155.817729 31
155.840451 55
155.865572 16
155.866848 43
155.870722 50
155.880672 18
155.900054 42
155.90857 54
155.932774 38
155.997781 33
156.024344 19
156.039883 57
156.069682 17
156.305409 13
156.322361 59
156.343084 55
156.369913 16
156.371281 43
156.387847 18
156.401086 53
156.405341 42
156.411503 54
156.435009 38
156.52339 51
156.527188 19
156.533301 9
156.567041 44
156.649002 39
156.72123 32
156.777515 30
156.779212 45
156.782501 15
156.830287 31
156.832039 59
156.843702 55
156.873303 43
156.875791 49
156.894077 18
156.906357 42
156.914619 54
156.937062 38
157.009364 35
157.068085 44
157.120546 41
157.248136 56
157.284433 15
157.336864 59
157.337375 31
157.349753 55
157.363872 58
157.382984 43
157.388787 16
157.401069 18
157.414696 42
157.416057 54
157.435193 40
157.445462 38
157.517573 33
157.620736 41
157.725727 32
157.752597 56
157.792713 15
157.819773 13
157.85443 55
157.862357 60
157.892914 16
157.898842 21
157.904247 18
157.916993 42
157.935412 40
157.949955 38
158.026063 33
158.052262 19
158.058844 57
158.079052 44
158.089502 8
158.091812 17
158.127975 41
158.169465 39
158.227778 32
158.258462 56
158.349384 59
158.364265 55
158.395695 43
158.399482 16
158.400956 21
158.414077 18
158.421068 54
158.427163 42
158.429045 53
158.444815 40
158.455364 38
158.531867 33
158.562278 19
158.597345 17
158.635123 41
158.672766 39
158.675914 20
158.737885 32
158.772631 14
158.809241 15
158.852928 59
158.855647 31
158.869797 55
158.899978 16
158.902966 43
158.915454 18
158.930864 42
158.931503 37
159.025072 35
159.03523 33
159.069578 19
159.103427 17
159.141629 41
159.179882 39
159.245947 32
159.268757 56
159.357455 31
159.372399 55
159.381443 58
159.407706 16
159.429864 54
159.441851 53
159.46228 40
159.464475 38
159.526665 35
159.544635 33
159.579288 19
159.582037 57
159.610272 17
159.638276 6
159.641911 41
159.681719 39
159.776972 56
159.784265 14
159.815302 15
159.869078 59
159.872621 55
159.905941 43
159.909056 16
159.933955 18
159.934512 42
159.939267 54
159.944301 53
159.96909 38
160.033263 35
160.085306 19
160.087265 57
160.096563 44
160.118001 17
160.145427 41
160.185051 39
160.255266 32
160.271979 52
160.279816 56
160.321807 45
160.325351 15
160.381357 55
160.406682 43
160.415319 16
160.437651 18
160.441447 42
160.45139 53
160.474836 38
160.478616 40
160.569609 51
160.588761 19
160.605328 44
160.622435 17
160.686889 20
160.689084 39
160.780043 52
160.784552 56
160.822878 45
160.830426 15
160.865199 31
160.873541 59
160.890886 55
160.896597 58
160.903313 60
160.913189 43
160.919233 16
160.947161 42
160.953841 53
160.983663 38
160.985518 40
161.045023 35
161.058629 33
161.075386 51
161.098655 19
161.099797 57
161.127907 17
161.191562 39
161.193058 20
161.29009 52
161.291417 14
161.291973 56
161.331029 45
161.380716 59
161.395808 55
161.42165 43
161.449642 42
161.456012 37
161.472203 26
161.486234 38
161.491138 40
161.54686 35
161.590693 9
161.599425 19
161.608087 44
161.609969 57
161.629625 17
161.657135 41
161.69874 20
161.699654 39
161.77312 24
161.798979 52
161.799639 56
161.839974 45
161.885817 59
161.903903 55
161.907259 58
161.930813 43
161.932837 50
161.957454 37
161.997643 40
162.048148 35
162.0979 9
162.103124 19
162.12005 57
162.136286 17
162.165442 41
162.207319 39
162.208845 20
162.301994 56
162.31259 30
162.367015 29
162.388079 59
162.410351 55
162.413033 58
162.44014 50
162.443088 16
162.459151 18
162.460278 42
162.463351 37
162.467266 53
162.468213 54
162.48433 26
162.499845 40
162.548215 35
162.624821 57
162.672498 41
162.783657 24
162.803373 56
162.80995 52
162.813614 14
162.851699 45
162.896292 59
162.915455 55
162.946344 50
162.950114 16
162.964343 18
162.966542 42
162.968148 37
162.968709 53
163.000521 40
163.00591 38
163.048892 35
163.099991 51
163.106982 19
163.108683 9
163.126967 57
163.174946 41
163.22036 20
163.222039 39
163.277671 32
163.31731 14
163.318624 52
163.385272 29
163.403863 59
163.425351 55
163.447299 50
163.450274 16
163.467313 42
163.470732 53
163.471915 18
163.47374 37
163.475331 54
163.506232 40
163.508878 38
163.550027 35
163.616631 19
163.628595 57
163.655234 17
163.676967 41
163.706997 47
163.72357 20
163.77905 32
163.819267 14
163.827329 52
163.926122 55
163.946407 43
163.95222 50
163.955469 16
163.96958 42
163.97184 53
163.973933 18
164.006451 40
164.011144 38
164.051498 35
164.12384 19
164.132869 22
164.137668 57
164.159729 17
164.181735 41
164.226748 20
164.234806 39
164.28583 32
164.314285 56
164.326534 14
164.328801 52
164.399347 29
164.413088 59
164.431593 55
164.447026 43
164.456301 16
164.472552 53
164.4774 42
164.479247 37
164.515516 38
164.516282 40
164.558797 35
164.616145 9
164.630713 19
164.639266 57
164.66279 17
164.684427 41
164.73423 20
164.737714 27
164.743966 39
164.79313 32
164.831695 14
164.836469 52
164.870847 45
164.940878 55
164.958414 16
164.965909 50
164.98154 18
164.982113 53
164.982611 37
164.985159 42
165.016622 38
165.025137 40
165.068781 35
165.111748 51
165.117218 9
165.145043 57
165.165545 17
165.191757 41
165.238294 20
165.238605 27
165.251265 39
165.298415 32
165.3407 14
165.342122 52
165.417673 59
165.446044 55
165.468095 16
165.469519 50
165.485656 42
165.487868 37
165.488531 53
165.491244 54
165.53271 40
165.643665 19
165.646426 57
165.673672 17
165.698142 41
165.806904 32
165.83008 56
165.843268 14
165.847958 52
165.924299 59
165.953885 43
165.972923 16
165.991018 37
165.99412 18
165.995528 53
165.996679 54
166.024481 38
166.032837 40
166.069739 35
166.13212 9
166.154462 57
166.177099 17
166.205107 41
166.252921 20
166.260187 39
166.31341 32
166.332619 56
166.345394 30
166.350992 14
166.355321 52
166.385353 45
166.426683 59
166.454849 55
166.481652 50
166.497721 54
166.49855 42
166.49908 37
166.502882 18
166.526808 38
166.535131 40
166.57478 35
166.637832 9
166.646455 19
166.659264 57
166.708592 41
166.762234 20
166.7695 39
166.816101 32
166.841321 56
166.847443 30
166.856489 14
166.863751 52
166.920727 29
166.931142 59
166.964928 55
166.978431 16
166.989229 50
167.003694 53
167.005144 18
167.006188 42
167.039072 40
167.079882 35
167.145283 9
167.155677 19
167.169405 57
167.179223 17
167.210155 41
167.277379 39
167.358171 14
167.372517 52
167.392012 45
167.429934 31
167.441277 59
167.465946 58
167.472474 55
167.483657 16
167.49705 50
167.506241 54
167.509226 37
167.544539 40
167.589226 35
167.655267 9
167.65605 19
167.678509 57
167.682192 17
167.712084 41
167.772772 20
167.786051 39
167.826153 32
167.863393 14
167.877926 52
167.897265 45
167.902791 15
167.933726 31
167.945157 59
167.97645 55
167.990408 16
168.00472 53
168.005634 50
168.013172 54
168.015276 37
168.016091 42
168.017145 18
168.047596 40
168.093474 35
168.158018 9
168.165456 19
168.183555 57
168.188762 17
168.282573 20
168.329089 32
168.350951 56
168.371789 14
168.37885 52
168.403929 15
168.43651 31
168.445832 59
168.48134 55
168.494627 16
168.509795 53
168.514828 50
168.515861 54
168.519883 42
168.526884 18
168.550622 40
168.595158 35
168.661655 9
168.666347 19
168.675226 22
168.685762 57
168.689259 17
168.720093 41
168.784775 20
168.877377 14
168.881177 52
168.907586 45
168.936975 31
168.949895 59
168.97981 43
168.982321 58
168.983271 55
169.004705 16
169.013497 53
169.017513 54
169.020818 50
169.024652 42
169.027069 37
169.034548 18
169.056303 40
169.100718 35
169.142068 51
169.16517 9
169.170351 19
169.18797 57
169.191374 17
169.229804 41
169.290578 20
169.338805 32
169.361522 56
169.378815 14
169.387715 52
169.406908 15
169.412595 45
169.440155 29
169.456521 59
169.485568 55
169.510815 16
169.514605 53
169.520751 54
169.522353 50
169.535803 18
169.536292 37
169.558505 40
169.608719 35
169.644275 51
169.669752 9
169.675576 19
169.69094 57
169.700324 17
169.798487 20
169.864244 56
169.887754 52
169.960003 59
169.991039 55
170.019154 16
170.020229 53
170.030214 54
170.031657 42
170.036326 18
170.042586 37
170.063667 40
170.110098 35
170.172443 9
170.180252 19
170.19626 57
170.204881 17
170.242085 41
170.306426 20
170.309881 39
170.371421 56
170.386513 14
170.388341 52
170.414493 45
170.443458 29
170.462937 59
170.483709 43
170.493977 55
170.524664 53
170.525783 16
170.533509 50
170.538531 42
170.549123 37
170.565841 38
170.568402 40
170.681662 19
170.697734 44
170.708307 17
170.742214 41
170.801778 27
170.811985 20
170.812755 39
170.85283 32
170.879727 56
170.887005 14
170.921645 15
170.93047 23
170.957823 13
170.969349 59
170.988782 43
171.000882 55
171.029586 53
171.032595 16
171.041298 54
171.041957 42
171.054196 37
171.06655 38
171.072801 40
171.111115 46
171.112619 34
171.201346 57
171.228358 48
171.243259 41
171.314409 39
171.356345 32
171.38135 30
171.385867 56
171.393967 14
171.404207 21
171.423181 15
171.457595 29
171.463669 10
171.477165 59
171.496328 43
171.506353 55
171.530358 53
171.53718 16
171.542614 54
171.551456 42
171.556295 18
171.575622 38
171.580099 40
171.612312 46
171.662968 33
171.710938 57
171.71218 44
171.747262 41
171.861203 32
171.890999 56
171.903094 14
171.928592 15
171.93999 28
171.967511 13
171.970957 31
171.984493 59
172.005552 43
172.009211 58
172.014265 55
172.02077 60
172.040056 16
172.044662 54
172.053478 42
172.062006 18
172.081722 40
172.083289 38
172.127795 34
172.220805 57
172.222708 17
172.247667 41
172.325924 39
172.361484 32
172.400191 56
172.430005 15
172.493774 59
172.512757 58
172.514762 55
172.546136 16
172.559864 42
172.565977 18
172.591186 40
172.60297 11
172.668595 33
172.7025 19
172.724233 57
172.751823 41
172.839012 20
172.86149 32
172.90337 56
172.912074 14
172.926419 21
172.931784 15
173.018798 55
173.021581 58
173.051881 16
173.063565 42
173.067468 37
173.091575 38
173.100041 40
173.102664 36
173.169486 33
173.227661 57
173.256834 41
173.371505 32
173.413202 56
173.419737 14
173.439758 15
173.497596 59
173.525036 58
173.531803 60
173.553597 16
173.568177 37
173.569646 42
173.604563 40
173.645205 34
173.672788 33
173.73704 57
173.765691 41
173.84007 39
173.918732 56
173.924349 14
173.934769 21
173.94462 15
173.998912 59
174.025101 55
174.026842 58
174.038675 60
174.061752 16
174.087228 18
174.09687 38
174.114482 36
174.238362 57
174.248988 17
174.341632 39
174.493423 13
174.503677 59
174.525384 55
174.535484 58
174.563255 16
174.578384 37
174.598984 38
174.618305 40
174.679087 33
174.742431 57
174.775714 41
174.84176 39
174.927196 56
174.930642 14
174.955045 15
174.99917 31
175.028536 55
175.040739 58
175.045095 60
175.068572 16
175.081534 37
175.085264 42
175.099358 38
175.161334 34
175.27923 41
175.341826 39
175.431261 56
175.432783 14
175.465156 15
175.49954 13
175.515372 59
175.53245 55
175.545383 58
175.573005 16
175.583769 37
175.674033 35
175.758137 57
175.780336 41
175.849278 39
175.934465 14
175.936759 56
175.968918 15
176.018116 59
176.045777 60
176.048471 58
176.076521 16
176.090276 37
176.112404 38
176.129794 40
176.138974 36
176.177121 34
176.181302 35
176.280342 41
176.352945 39
176.439474 14
176.474237 15
176.512187 13
176.54565 55
176.557846 58
176.59126 37
176.600852 42
176.620224 38
176.634437 40
176.681613 35
176.686831 34
176.773721 57
176.775095 17
176.86003 39
176.913537 32
176.946527 14
176.950595 56
176.97913 15
177.013506 13
177.021457 59
177.051334 55
177.056774 60
177.061239 58
177.082578 16
177.097828 37
177.103668 42
177.125328 38
177.140148 40
177.146155 36
177.185433 35
177.273761 57
177.275195 17
177.360524 39
177.453397 14
177.506703 10
177.523383 59
177.558514 55
177.564378 60
177.568111 58
177.586722 54
177.600673 37
177.631836 38
177.644548 40
177.653361 36
177.686171 35
177.777524 17
177.782713 57
177.869441 39
177.925877 32
177.956435 56
177.957917 14
178.031931 59
178.065144 55
178.072043 60
178.076478 58
178.098553 16
178.141823 38
178.145834 40
178.192647 35
178.291329 57
178.370484 39
178.465641 14
178.529212 13
178.532332 59
178.575161 55
178.578122 60
178.584052 58
178.605213 16
178.611612 37
178.648453 38
178.650752 40
178.701807 35
178.788222 17
178.802195 41
178.879064 39
178.970558 14
179.031813 13
179.038958 59
179.081484 60
179.093244 58
179.119065 37
179.156456 38
179.175033 30
179.204987 35
179.298657 19
179.300137 57
179.387553 39
179.472728 14
179.474906 21
179.543844 59
179.657135 38
179.667835 52
179.670712 36
179.709143 35
179.894059 39
179.97853 14
180.020811 15
180.045378 10
180.049373 13
180.050592 59
180.096082 60
180.160226 38
180.173769 36
180.176662 52
180.304071 19
180.317155 57
180.39794 39
180.407767 48
180.48839 14
180.551054 59
180.552554 13
180.600909 60
180.61981 58
180.627886 16
180.637426 37
180.6606 38
180.67137 40
180.674017 36
180.982415 47
180.995261 14
181.052321 10
181.054446 59
181.106194 60
181.146802 37
181.170342 38
181.177867 36
181.200071 30
181.494103 56
181.558427 13
181.561895 59
181.599045 55
181.610685 60
181.652577 37
181.907447 39
181.999968 56
182.006162 14
182.059959 13
182.063577 59
182.103997 55
182.119203 12
182.119846 60
182.161311 37
182.183674 36
182.231449 35
182.316848 9
182.321705 19
182.545362 15
182.567992 13
182.60959 55
182.627175 60
182.638998 58
182.669405 37
182.687676 36
182.693913 52
182.699129 40
182.709359 30
182.734323 35
182.767294 45
182.823048 9
183.00473 47
183.019444 14
183.11561 55
183.147671 58
183.178171 37
183.188057 46
183.192411 36
183.217298 30
183.332765 19
183.355578 17
183.517624 56
183.581533 59
183.620165 55
183.638691 60
183.68126 37
183.699983 36
184.084436 59
184.120265 55
184.139459 60
184.181908 37
184.202734 36
184.20773 52
184.247097 35
184.272401 45
184.342604 19
184.373982 41
184.531612 56
184.582881 13
184.592496 59
184.624515 55
184.647857 60
184.658606 54
184.685576 37
184.711527 36
184.717411 52
184.728905 30
184.778417 45
184.852677 57
184.869368 17
184.881802 41
185.039308 56
185.095887 59
185.132184 55
185.162831 58
185.168539 16
185.195715 37
185.212387 36
185.21384 46
185.224163 52
185.225489 40
185.284096 45
185.354824 19
185.388735 41
185.448866 39
185.547584 56
185.548698 14
185.581519 15
185.600824 10
185.641042 55
185.65568 60
185.669736 16
185.705793 37
185.717548 36
185.723429 46
185.725208 52
185.759718 35
185.784619 45
185.866796 57
185.879518 17
185.891397 41
186.024174 32
186.051099 56
186.094558 13
186.100259 59
186.148496 55
186.159079 20
186.160843 60
186.174168 16
186.206746 37
186.218407 36
186.228249 38
186.285751 45
186.298285 34
186.466302 39
186.560393 14
186.608014 59
186.658081 12
186.666957 20
186.667074 60
186.674939 16
186.714443 37
186.720639 36
186.738931 40
186.739902 52
186.742242 46
186.762354 35
186.787197 33
186.899406 41
187.227693 36
187.244976 52
187.29238 45
187.435517 29
187.609266 15
187.657401 55
187.664388 12
187.727365 37
187.73551 36
187.754749 52
187.94312 29
188.060491 56
188.078257 14
188.160248 55
188.169891 12
188.183447 60
188.189721 58
188.206045 50
188.232377 37
188.239481 38
188.24113 36
188.275097 35
188.27911 11
188.294783 33
188.400132 17
188.58415 14
188.632839 59
188.66526 55
188.674631 12
188.684918 60
188.694243 58
188.73626 37
188.74562 36
188.746355 38
188.784288 35
188.78794 11
188.80431 33
189.068498 56
189.090196 14
189.140217 10
189.173264 55
189.181294 12
189.189653 60
189.239838 37
189.247578 36
189.256158 38
189.269405 46
189.273906 52
189.464035 29
189.569694 56
189.595693 14
189.63274 15
189.640378 10
189.681298 55
189.687102 12
189.699302 60
189.749061 37
189.754296 36
189.761293 38
189.7955 35
189.813477 33
189.965198 29
190.07443 56
190.103448 14
190.141393 10
190.150916 59
190.187418 12
190.188875 55
190.253523 37
190.259732 36
190.269083 38
190.284677 46
190.312115 45
190.41033 17
190.604886 14
190.645216 10
190.658 59
190.693318 12
190.760896 36
190.761586 37
190.777269 38
190.792314 46
190.808887 11
190.823437 33
190.970058 29
191.106232 14
191.14168 15
191.168166 59
191.198943 12
191.205035 55
191.210396 60
191.266607 36
191.282801 38
191.283803 40
191.289653 52
191.419045 17
191.419963 19
191.47528 29
191.59236 56
191.699136 12
191.767368 37
191.776133 36
191.792757 38
191.802123 46
191.933011 41
192.20763 12
192.218296 55
192.224078 60
192.271556 37
192.277999 36
192.292114 40
192.297494 38
192.304103 52
192.304877 46
192.434441 19
192.44202 41
192.519406 39
192.617169 14
192.658767 15
192.661452 10
192.71121 12
192.724712 55
192.728889 16
192.776964 37
192.801745 38
193.110718 56
193.175217 13
193.219674 12
193.227711 55
193.232192 16
193.233122 60
193.255024 58
193.278436 37
193.285241 36
193.311518 38
193.3242 11
193.338939 33
193.450273 41
193.614478 56
193.631763 14
193.695772 59
193.727588 12
193.734128 55
193.736423 60
193.759607 58
193.780305 37
193.789182 36
193.807295 40
193.813631 38
193.826133 11
193.837659 35
193.954552 41
194.038434 39
194.04069 6
194.120373 56
194.13314 14
194.16618 15
194.182372 13
194.230832 12
194.237161 60
194.239721 55
194.284554 37
194.291872 36
194.316202 38
194.332735 11
194.339435 35
194.470392 8
194.540118 39
194.623247 56
194.639643 14
194.692175 13
194.70765 59
194.730934 12
194.747115 60
194.79335 37
194.796728 36
194.822955 38
194.837507 11
195.089341 32
195.124077 56
195.200604 13
195.215863 59
195.232867 12
195.255269 60
195.27589 58
195.298808 36
195.302908 37
195.321072 40
195.341698 11
195.466512 9
195.548887 39
195.648073 14
195.677156 10
195.719956 59
195.755737 55
195.764673 60
195.806181 37
195.808059 36
195.821596 40
195.829043 38
195.843937 11
195.976062 41
196.053012 39
196.186197 10
196.255836 55
196.274498 60
196.310338 37
196.311969 36
196.337229 38
196.355875 35
196.392502 34
196.55845 39
196.689624 10
196.779088 60
196.81704 36
196.841082 38
196.858209 11
196.863419 35
197.062941 39
197.164899 14
197.192267 15
197.225735 59
197.269799 55
197.289707 58
197.319598 37
197.320737 36
197.342891 38
197.359166 11
197.718612 13
197.73581 59
197.777741 55
197.790298 60
197.805794 53
197.808135 54
197.826264 36
197.848361 38
197.90448 34
197.997786 41
198.209026 10
198.239719 59
198.278482 55
198.295522 60
198.298935 58
198.327363 37
198.331732 36
198.498922 41
198.656832 56
198.708682 15
198.727414 13
198.749824 59
198.750394 12
198.797115 60
198.803701 58
198.830148 37
198.837839 36
199.005642 41
199.083562 39
199.15995 56
199.189022 14
199.210431 15
199.254432 12
199.255534 59
199.331619 37
199.363673 38
199.364628 40
199.395612 35
199.505893 41
199.584544 39
199.696106 14
199.716361 15
199.742411 13
199.755661 59
199.790439 55
199.81 58
199.813971 60
199.833763 37
199.866489 38
200.086991 39
200.169452 56
200.204654 14
200.218903 15
200.250383 13
200.265552 59
200.291234 55
200.294725 32
200.299858 16
200.318733 58
200.328537 54
200.338592 37
200.367503 38
200.373487 40
200.40426 35
200.519059 41
200.588583 39
200.671381 56
200.70597 14
200.725962 15
200.768332 59
200.773993 12
200.795158 32
200.8253 58
200.828721 60
200.853219 42
200.874042 38
200.941716 33
201.097408 39
201.176971 56
201.206005 14
201.261566 13
201.273372 59
201.299131 32
201.313147 16
201.326344 58
201.363496 36
201.378963 38
201.408993 33
201.420538 34
201.605836 39
201.682012 56
201.741239 15
201.763678 13
201.814619 16
201.833826 58
201.860895 42
201.890651 40
201.913616 35
201.916658 33
202.04038 41
202.111273 39
202.183513 56
202.246101 15
202.28464 59
202.305251 55
202.32134 16
202.342254 58
202.362978 42
202.394176 38
202.421647 35
202.431535 34
202.544188 57
202.546307 41
202.621013 39
202.692552 56
202.787055 59
202.814407 32
202.824613 16
202.843695 58
202.857429 60
202.89649 40
202.900592 38
202.923331 35
203.054828 41
203.230432 14
203.257529 60
203.261194 15
203.319204 32
203.324773 16
203.345318 58
203.549029 57
203.633262 39
203.822567 32
203.824013 55
203.906845 40
203.910617 38
203.930179 35
204.051755 57
204.067231 41
204.209597 56
204.23604 50
204.324495 32
204.325059 55
204.330922 16
204.344051 43
204.362285 54
204.404562 18
204.410268 40
204.561592 57
204.576759 41
204.770012 15
204.82682 32
204.89494 42
204.895568 37
204.913752 18
205.084333 41
205.155311 39
205.201541 43
205.27884 15
205.335859 32
205.338565 16
205.3407 55
205.395276 42
205.421752 40
205.427334 38
205.466839 33
205.734424 56
205.751264 14
205.825193 59
205.842845 16
205.847452 55
205.89697 42
205.926731 40
206.013646 51
206.238764 56
206.260086 14
206.331574 59
206.347522 55
206.351367 16
206.405829 35
206.670311 39
206.788115 15
206.823804 31
206.852871 55
206.880765 54
206.908857 42
206.91589 37
206.932813 40
207.102945 41
207.105025 44
207.188058 41
207.265007 14
207.283357 42
207.290657 15
207.32964 31
207.355076 55
207.380581 58
207.413725 53
207.415958 37
207.539748 15
207.684092 55
207.692582 41
207.711314 16
207.737696 58
207.788157 42
208.045068 15
208.189196 55
208.198936 41
208.21519 44
208.232867 43
208.246429 58
208.294146 42
208.317809 39
208.410694 38
208.486838 56
208.550631 15
208.64686 57
208.69186 55
208.700011 41
208.719994 44
208.746496 58
208.826664 39
208.999655 33
209.150349 57
209.202337 41
209.290203 50
209.497134 56
209.523445 14
209.656463 57
209.689355 31
209.702343 41
209.855465 18
209.998483 56
210.161081 57
210.20757 55
210.244735 16
210.266166 58
210.305897 42
210.356019 18
210.49919 56
210.565499 15
210.715818 55
210.716272 41
210.746848 16
210.763178 43
211.003896 56
211.218634 55
211.220277 41
211.2699 43
211.279239 58
211.312597 42
211.353638 39
211.38429 40
211.507076 56
211.582699 15
211.673623 57
211.723518 41
211.724776 55
211.77961 58
211.81407 42
212.007356 56
212.086279 15
212.226821 41
212.229117 55
212.256169 44
212.32009 42
212.363047 39
212.363197 37
212.379654 18
212.515754 56
212.586929 15
212.68762 57
212.733398 55
212.747682 59
212.765248 16
212.787471 43
212.791311 58
212.793492 54
212.82437 42
212.882649 18
212.899289 40
213.017774 56
213.0888 15
213.234688 55
213.24197 41
213.275235 16
213.299294 54
213.32685 42
213.388908 18
213.403413 40
213.518909 56
213.73726 55
213.745761 41
213.775486 16
213.789714 43
213.799877 54
213.890621 18
213.907477 40
214.028619 56
214.097569 51
214.241388 55
214.253153 41
214.272123 44
214.28004 16
214.413951 40
214.529235 56
214.747103 55
214.753495 41
214.802961 58
214.803584 43
214.811847 54
214.880195 39
214.910975 53
215.037328 56
215.255106 55
215.25576 41
215.294001 16
215.307589 43
215.345773 42
215.387494 39
215.401864 18
215.544841 56
215.758819 41
215.760211 55
215.786583 59
215.801241 16
215.810771 43
215.820246 54
215.852342 42
215.906354 18
215.935327 40
216.048051 56
216.118214 15
216.26087 41
216.266505 55
216.311044 16
216.316455 43
216.352716 42
216.410935 18
216.428184 53
216.441069 40
216.614829 51
216.623258 15
216.764172 41
216.767003 55
216.800229 44
216.817988 43
216.83432 54
216.861177 42
216.93451 53
217.055936 56
217.26872 55
217.274341 41
217.301578 44
217.322635 43
217.335361 54
217.361704 42
217.440744 53
217.632157 15
217.776205 55
217.784113 41
217.804514 44
217.836891 54
217.869616 42
217.949695 53
217.955365 40
218.278715 55
218.311508 44
218.333301 43
218.33842 54
218.370936 42
218.781928 55
218.793831 41
218.840895 54
218.872105 42
218.958777 53
219.282608 55
219.300734 41
219.318082 44
219.348071 54
219.381848 42
219.468887 53
219.78582 55
219.818241 44
219.88329 42
220.290101 55
220.322733 44
220.358941 54
220.478793 53
220.664191 51
220.799386 55
220.860928 54
220.985424 53
221.166978 51
221.329581 44
221.353397 43
221.368988 54
221.494162 53
221.851507 59
221.994384 53
222.32946 41
222.357868 43
222.618497 56
222.813121 55
222.861996 43
222.908057 42
223.122104 56
223.319325 55
223.347722 41
223.396802 54
223.41661 42
223.508999 53
223.626474 56
223.821225 55
223.853842 44
223.926536 42
224.017309 53
224.0634 38
224.132094 56
224.328557 55
224.362698 44
224.404408 54
224.431 42
224.639882 56
224.833936 55
224.864099 41
224.871767 44
224.936287 42
225.144618 56
225.337088 55
225.370178 41
225.654542 56
225.844756 55
225.875465 41
225.984049 37
226.043102 53
226.15824 56
226.354041 55
226.386617 44
226.668072 56
226.863662 55
226.887081 44
227.171801 56
227.367821 55
227.3902 44
227.869508 55
227.895669 44
227.896395 41
227.939108 16
227.966822 42
228.182371 56
228.371194 55
228.396804 44
228.400339 41
228.460341 54
228.876055 55
228.908982 41
229.383509 55
