Timestamp Beacon
0.046789 27
0.078181 20
0.078742 44
0.091718 52
0.098445 55
0.11619 51
0.153 56
0.154201 23
0.155965 31
0.180753 6
0.200553 21
0.230641 29
0.266294 58
0.268085 48
0.291339 54
0.325502 4
0.377483 49
0.47649 8
0.506095 26
0.523331 5
0.548228 50
0.611 3
0.66116 28
0.728568 46
0.748071 25
0.834444 53
0.863564 2
1.000873 17
1.051349 27
1.085089 20
1.086446 44
1.100462 52
1.106671 55
1.158337 23
1.160284 31
1.184396 6
1.20103 21
1.238828 29
1.269564 48
1.273723 58
1.292842 9
1.299556 54
1.325583 4
1.328266 40
1.378724 49
1.483557 8
1.506595 26
1.524135 5
1.526959 1
1.551756 50
1.669349 28
1.738684 46
1.756209 25
1.839742 53
1.867702 2
2.007727 17
2.053071 27
2.089556 20
2.100906 52
2.106719 55
2.128835 51
2.160075 56
2.164424 23
2.166373 31
2.192188 6
2.205504 21
2.301734 9
2.30582 54
2.329143 4
2.384146 49
2.492271 8
2.512008 26
2.532308 1
2.621541 3
2.670062 28
2.742391 46
2.765872 25
2.845835 53
2.875014 2
2.926017 35
3.007685 17
3.061934 27
3.091917 20
3.109406 52
3.111345 55
3.121527 7
3.134439 51
3.165569 23
3.16819 31
3.195769 6
3.207659 21
3.249801 29
3.307903 54
3.310564 9
3.337463 4
3.388348 49
3.454608 45
3.501871 8
3.516444 26
3.537811 1
3.54161 5
3.551946 50
3.622859 3
3.670012 28
3.775779 25
3.855955 53
3.883425 2
4.062679 27
4.100554 44
4.111681 52
4.117863 55
4.138092 51
4.172084 23
4.176202 31
4.19639 6
4.211951 21
4.259941 29
4.310047 54
4.310667 9
4.338398 4
4.396882 49
4.510768 8
4.526435 26
4.543588 1
4.557579 50
4.625368 3
4.679941 28
4.75237 46
4.780986 25
4.803159 18
4.857592 53
4.889547 2
5.101574 44
5.103443 20
5.112705 52
5.118948 55
5.126161 7
5.141133 51
5.181193 23
5.185587 31
5.202504 6
5.212824 21
5.265533 29
5.299919 59
5.312374 54
5.320658 9
5.339914 4
5.399436 49
5.520612 8
5.531329 26
5.548296 1
5.560215 5
5.565044 50
5.627083 3
5.652577 33
5.688374 28
5.75858 46
5.784241 25
5.812048 18
5.866156 53
5.894967 2
6.017966 17
6.07012 27
6.103083 44
6.104706 20
6.113362 52
6.126351 55
6.147501 51
6.189234 23
6.194056 31
6.209289 6
6.221388 21
6.268807 29
6.313053 54
6.321279 9
6.346952 4
6.364848 40
6.409191 49
6.499296 11
6.526458 8
6.535247 26
6.549068 1
6.567931 50
6.570357 5
6.630201 3
6.654085 33
6.691315 28
6.765583 46
6.785085 25
6.866481 53
7.117254 52
7.129024 7
7.155608 51
7.185496 56
7.194071 23
7.201061 31
7.218974 6
7.223635 21
7.270921 29
7.29846 48
7.314343 54
7.326936 9
7.349963 4
7.372274 40
7.417787 49
7.477282 45
7.534867 8
7.536271 36
7.550786 1
7.554282 43
7.569872 50
7.576775 5
7.634236 3
7.65422 33
7.689808 60
7.697429 28
7.774326 46
7.792703 25
7.818199 18
7.872267 53
7.903793 2
8.110312 44
8.111503 20
8.136029 55
8.13685 7
8.197778 23
8.208493 31
8.229513 21
8.274378 29
8.316579 54
8.327191 9
8.355078 4
8.422537 49
8.483027 45
8.54288 8
8.555396 43
8.563184 10
8.578099 50
8.585513 5
8.641627 3
8.657589 33
8.705282 28
8.77904 46
8.800505 25
8.878085 53
8.903812 2
9.088224 27
9.120332 20
9.144278 7
9.144866 55
9.167215 51
9.212385 31
9.236825 21
9.277835 29
9.306905 22
9.328911 9
9.364253 4
9.427441 49
9.480045 12
9.486941 45
9.499697 30
9.514469 11
9.541324 26
9.546392 36
9.552937 8
9.561242 1
9.571745 10
9.588025 5
9.606824 41
9.662301 33
9.711579 28
9.80327 25
9.879783 53
9.904349 2
9.952959 35
10.094005 27
10.127759 20
10.146043 55
10.172019 16
10.174559 51
10.213011 31
10.231151 6
10.243588 21
10.287761 29
10.310161 48
10.313542 59
10.314579 22
10.391622 40
10.493052 45
10.503459 30
10.559393 8
10.561739 1
10.565652 43
10.593803 5
10.594402 50
10.615566 41
10.658514 3
10.713086 28
10.788286 46
10.883373 53
11.094658 27
11.128275 52
11.135674 20
11.154117 55
11.162552 7
11.174425 24
11.233877 6
11.248093 21
11.331861 54
11.340164 9
11.377415 4
11.436087 49
11.481858 12
11.525072 11
11.554987 26
11.565257 1
11.568657 8
11.589296 10
11.596404 50
11.599916 5
11.618022 41
11.668224 3
11.679966 33
11.706548 60
11.71627 28
11.807582 25
11.892791 53
11.915006 2
11.962383 35
12.096747 27
12.112458 42
12.128827 44
12.138828 20
12.159963 55
12.165434 7
12.205508 15
12.225548 23
12.235262 6
12.247857 19
12.301144 29
12.340144 9
12.381829 4
12.515102 30
12.519512 32
12.530038 11
12.574444 43
12.578348 8
12.596149 10
12.601793 50
12.67531 3
12.682328 33
12.722721 28
12.795487 46
12.968011 35
13.132869 44
13.140486 20
13.161537 55
13.171458 7
13.180885 16
13.189909 51
13.206779 15
13.239361 6
13.258384 21
13.305424 29
13.327035 58
13.328826 59
13.347143 9
13.38548 4
13.518803 30
13.526177 32
13.569048 26
13.569548 1
13.578396 8
13.59699 10
13.603141 5
13.605565 50
13.68325 3
13.689665 33
13.722975 28
13.796387 46
13.907966 53
13.927554 2
13.973211 35
14.106201 27
14.137918 44
14.138639 52
14.144617 20
14.163019 55
14.179924 7
14.185264 16
14.19533 51
14.24633 6
14.256308 19
14.260784 21
14.305982 29
14.338689 54
14.350267 9
14.392671 4
14.423127 40
14.448569 49
14.525067 30
14.531347 32
14.539086 11
14.58116 8
14.585981 43
14.597556 10
14.612244 5
14.633261 41
14.694866 33
14.725275 28
14.830254 25
14.911342 53
15.067817 17
15.111128 27
15.125692 42
15.145224 44
15.16226 37
15.170269 55
15.201759 51
15.209063 56
15.244116 23
15.248934 6
15.2598 19
15.267547 21
15.30953 29
15.34126 54
15.397329 4
15.423626 40
15.499306 12
15.529806 30
15.533679 32
15.573915 36
15.576951 1
15.57966 26
15.583008 8
15.588836 43
15.603767 10
15.618053 5
15.634435 41
15.695377 3
15.695916 33
15.711372 34
15.731389 28
16.001325 38
16.030205 57
16.111598 27
16.129005 42
16.150223 20
16.152313 52
16.152958 44
16.174864 55
16.181292 7
16.193717 16
16.205197 51
16.21524 56
16.245914 31
16.25575 6
16.269152 19
16.273791 21
16.309997 29
16.343551 58
16.349451 59
16.356484 9
16.399118 4
16.508848 12
16.535796 30
16.542419 32
16.581202 1
16.585439 26
16.590166 8
16.612421 10
16.616728 50
16.62203 5
16.643452 41
16.698801 3
16.701818 33
16.732651 28
16.789826 14
16.859323 18
16.945828 2
17.118171 27
17.137872 42
17.158556 44
17.161667 52
17.182007 7
17.200691 16
17.221691 56
17.254292 31
17.263877 6
17.276154 19
17.364643 9
17.514301 12
17.536445 30
17.544354 32
17.583652 1
17.594852 8
17.600556 43
17.612529 10
17.627563 5
17.650454 41
17.706557 3
17.72888 34
17.864459 18
18.004167 13
18.039951 57
18.099129 39
18.12206 27
18.144756 42
18.157966 20
18.167571 44
18.185152 55
18.185773 7
18.208274 16
18.21128 51
18.217375 15
18.255346 31
18.26462 6
18.320328 29
18.353769 58
18.359904 59
18.374022 9
18.403644 4
18.430982 40
18.515238 12
18.545333 30
18.548151 32
18.595999 8
18.620602 10
18.637185 5
18.657731 41
18.708212 3
18.733011 34
18.743567 28
18.795092 14
18.869319 18
18.987921 35
19.007783 13
19.009828 38
19.077566 17
19.131166 27
19.149655 42
19.168566 52
19.187067 7
19.193562 55
19.209388 16
19.233557 56
19.261404 31
19.269941 6
19.360578 54
19.384165 9
19.524994 12
19.546471 30
19.555518 32
19.560925 11
19.590463 36
19.596456 1
19.605567 8
19.62718 10
19.658569 41
19.713283 3
19.718671 33
19.742848 34
19.750983 60
19.804102 14
19.961141 2
19.990527 35
20.013504 13
20.055374 57
20.084085 17
20.158003 42
20.188789 7
20.193884 55
20.238116 56
20.265693 31
20.273186 6
20.282939 19
20.324525 29
20.387563 9
20.532552 12
20.547914 30
20.558948 32
20.600347 26
20.602416 1
20.614923 8
20.623217 43
20.628052 10
20.638926 50
20.64395 5
20.666182 41
20.721552 33
20.743531 34
20.809696 14
20.963143 2
20.998443 35
21.015171 38
21.061071 57
21.084989 17
21.103192 39
21.161255 42
21.178394 52
21.195458 55
21.196064 7
21.200556 37
21.241633 15
21.246764 56
21.267509 31
21.278781 6
21.373753 59
21.395905 9
21.420547 4
21.54188 12
21.549875 30
21.561794 11
21.562287 32
21.604874 26
21.606198 36
21.608956 1
21.621623 8
21.635698 10
21.652047 5
21.675168 41
21.729041 3
21.73078 33
21.746411 34
21.763152 60
21.81303 14
21.955543 53
21.972561 2
22.061702 57
22.090256 17
22.166124 42
22.17896 52
22.198427 7
22.20051 55
22.204019 37
22.22753 16
22.233729 51
22.246657 15
22.253612 56
22.333544 29
22.396526 9
22.425206 4
22.444115 40
22.546662 12
22.549852 30
22.563795 32
22.6093 1
22.615211 36
22.631436 8
22.643283 10
22.648789 50
22.653155 5
22.676647 41
22.732007 3
22.73772 33
22.750542 34
22.763134 60
22.767107 28
23.026555 38
23.062211 57
23.100407 17
23.107366 39
23.193022 20
23.199507 7
23.241775 51
23.256075 15
23.256584 56
23.280785 6
23.282708 31
23.333674 29
23.362746 48
23.372265 54
23.397483 9
23.425805 4
23.444705 40
23.55596 12
23.558161 30
23.572779 32
23.612178 1
23.636244 8
23.653973 10
23.663083 5
23.735003 3
23.746308 33
23.763603 60
23.768735 28
23.987306 2
24.031149 38
24.072058 57
24.100425 17
24.178212 42
24.196756 20
24.19952 7
24.256248 15
24.25916 56
24.281528 6
24.322035 21
24.373738 54
24.384574 58
24.404147 9
24.431561 4
24.453626 40
24.559704 12
24.56351 30
24.57917 32
24.582795 11
24.612675 1
24.643829 8
24.654729 10
24.672766 5
24.735253 3
24.748121 33
24.763961 34
24.764469 60
24.777657 28
24.996479 2
25.03492 38
25.076596 57
25.108989 17
25.112669 39
25.169784 27
25.187078 42
25.209329 7
25.216819 37
25.253393 16
25.258983 15
25.26256 56
25.285628 6
25.345073 29
25.412641 9
25.438386 4
25.456444 40
25.567537 12
25.586689 32
25.591331 11
25.613935 1
25.629734 36
25.649797 8
25.660105 50
25.665054 10
25.680954 5
25.690361 41
25.73654 3
25.750727 33
25.765315 34
25.770676 60
25.778888 28
25.999885 2
26.035119 38
26.079333 57
26.113016 39
26.117339 17
26.17712 27
26.190788 42
26.210082 20
26.212698 7
26.230394 55
26.256788 51
26.2618 16
26.266509 15
26.27014 56
26.295037 6
26.304332 31
26.337605 21
26.347981 29
26.422021 9
26.441824 4
26.458103 40
26.574268 30
26.577537 12
26.593672 11
26.594178 32
26.615073 1
26.630598 36
26.655002 8
26.665097 50
26.670419 10
26.690546 5
26.698034 41
26.741978 3
26.759071 33
26.766943 34
26.780697 60
26.787565 28
27.002253 2
27.035257 38
27.049979 13
27.089302 57
27.114829 39
27.123247 17
27.178995 27
27.195596 42
27.222048 7
27.232182 55
27.266604 51
27.267597 15
27.271917 16
27.279155 56
27.295871 6
27.321272 19
27.355923 29
27.408326 22
27.431553 9
27.450967 4
27.464063 40
27.580763 12
27.584224 30
27.595464 11
27.59651 32
27.624817 1
27.670153 10
27.695866 5
27.746958 3
27.76244 33
27.78779 28
27.78968 60
28.009809 2
28.036128 38
28.059545 13
28.097013 57
28.129582 17
28.188101 27
28.201747 42
28.225876 7
28.233128 37
28.269752 15
28.274986 51
28.27715 16
28.284568 56
28.299117 6
28.358738 29
28.435195 9
28.454252 4
28.464043 40
28.589175 12
28.591648 30
28.598017 32
28.603848 11
28.626199 1
28.6677 8
28.67567 10
28.750534 3
28.769991 33
28.789357 28
28.793079 60
29.010315 2
29.103046 57
29.122664 39
29.136467 17
29.235287 7
29.273983 15
29.282322 16
29.28291 51
29.29221 56
29.303033 6
29.325694 19
29.346968 21
29.360242 29
29.439905 9
29.458452 4
29.471225 40
29.589501 12
29.598274 32
29.599956 30
29.612629 11
29.631182 1
29.674126 8
29.677877 50
29.678464 10
29.705468 5
29.757925 3
29.777662 33
29.79898 28
29.800292 60
30.013507 2
30.044889 38
30.108956 57
30.132349 39
30.142223 17
30.196854 27
30.215147 42
30.224346 20
30.243219 55
30.284165 15
30.292054 51
30.300919 56
30.303898 6
30.355684 21
30.415072 54
30.445501 9
30.458838 4
30.477278 40
30.589888 12
30.60027 32
30.616832 11
30.634762 1
30.655938 26
30.675272 8
30.677926 50
30.714388 5
30.765133 3
30.780384 34
30.782863 33
31.021857 2
31.051679 38
31.115446 57
31.142126 39
31.149444 17
31.217758 42
31.228354 20
31.243003 7
31.249187 55
31.286045 15
31.308438 56
31.37097 29
31.423197 54
31.426541 22
31.446061 9
31.46847 4
31.479455 40
31.596226 12
31.600919 30
31.619021 11
31.662022 26
31.683162 8
31.690125 10
31.727217 41
31.780334 34
31.791145 33
31.809621 28
31.810905 60
32.03164 2
32.042553 35
32.124408 57
32.158801 17
32.221681 42
32.235486 52
32.253477 55
32.316369 6
32.318185 56
32.329513 31
32.330709 19
32.376562 29
32.429302 22
32.431597 54
32.451138 9
32.474928 4
32.601141 30
32.611067 32
32.626031 11
32.649488 1
32.662332 36
32.690931 8
32.696672 10
32.723746 5
32.772956 3
32.799855 33
32.815826 28
32.875251 14
33.034527 2
33.132333 57
33.159002 17
33.224505 42
33.225138 44
33.24498 7
33.254745 55
33.310947 16
33.322025 6
33.32607 56
33.331298 31
33.3813 29
33.438257 54
33.446116 59
33.457435 9
33.479952 4
33.490705 40
33.603378 12
33.609937 30
33.611659 32
33.635391 11
33.65383 1
33.668902 36
33.694274 8
33.703951 10
33.727631 5
33.731517 41
33.776777 3
33.802278 33
33.823496 28
33.876388 14
33.945709 18
34.021627 53
34.13333 57
34.159357 17
34.246885 7
34.254852 37
34.264222 55
34.304077 15
34.327315 6
34.331484 56
34.389731 29
34.44748 54
34.464464 9
34.613317 12
34.617605 30
34.636604 11
34.699753 8
34.712635 10
34.736017 41
34.799501 34
34.811323 33
34.955422 18
35.038378 2
35.058244 35
35.097515 13
35.142079 57
35.153311 39
35.169476 17
35.251109 7
35.264602 37
35.269336 55
35.317661 16
35.331597 6
35.338729 56
35.451205 58
35.458309 59
35.473813 9
35.498966 40
35.613582 12
35.619475 30
35.644895 11
35.700442 8
35.717961 10
35.734517 5
35.736824 41
35.801282 34
35.818843 33
35.957933 18
36.035764 53
36.074832 38
36.102687 13
36.142527 57
36.161196 39
36.269628 55
36.272886 37
36.313058 15
36.327746 16
36.3353 6
36.339656 56
36.341295 31
36.451889 58
36.462112 54
36.464024 59
36.483162 9
36.504957 40
36.616899 12
36.632936 32
36.653798 11
36.681351 36
36.704548 8
36.721335 10
36.738616 5
36.740286 41
36.808984 34
36.824593 33
36.84907 28
36.900031 14
37.042436 53
37.082996 38
37.164686 39
37.172596 17
37.239984 42
37.260503 7
37.276816 55
37.315152 15
37.334963 16
37.343 6
37.348549 56
37.427411 47
37.46127 58
37.462792 54
37.485431 9
37.509148 40
37.635969 32
37.66212 11
37.705969 8
37.729042 10
37.744058 5
37.811832 34
37.834615 33
37.904861 14
37.969851 18
38.083042 38
38.154257 57
38.249888 42
38.26375 7
38.279397 55
38.319077 15
38.33925 16
38.463448 58
38.470815 59
38.490294 9
38.518221 40
38.631436 12
38.639548 30
38.644648 32
38.662143 11
38.692234 36
38.713096 8
38.758868 41
38.821578 34
38.838136 33
38.847636 60
38.908562 14
39.077549 35
39.155467 57
39.250881 42
39.272643 7
39.282481 37
39.329045 15
39.34009 16
39.350864 6
39.352571 56
39.467032 58
39.471473 54
39.476682 59
39.49653 9
39.634386 12
39.641509 30
39.654243 32
39.666712 11
39.692915 36
39.720132 8
39.737223 10
39.762361 41
39.826685 34
39.839247 33
39.917755 14
40.087631 35
40.177293 39
40.187391 17
40.277141 7
40.28883 55
40.332635 15
40.347887 16
40.354414 56
40.418739 29
40.4686 58
40.474227 54
40.486273 59
40.64231 12
40.672532 11
40.693687 36
40.721003 8
40.737362 10
40.833654 34
40.923744 14
41.06168 2
41.087918 35
41.110037 38
41.163199 57
41.179868 39
41.284599 7
41.29672 55
41.354823 56
41.357545 16
41.361748 6
41.489332 59
41.526774 40
41.644406 12
41.653427 30
41.662842 32
41.674049 11
41.703157 36
41.722638 8
41.741681 10
41.771208 41
41.820948 3
41.841233 34
41.851662 33
41.866683 60
41.931229 14
42.094216 35
42.111243 38
42.125049 13
42.173321 57
42.185739 39
42.195729 17
42.29398 7
42.303421 55
42.305443 37
42.342347 15
42.358659 16
42.360999 56
42.369021 6
42.471188 58
42.492575 59
42.508616 9
42.532544 40
42.652453 12
42.669202 32
42.68167 11
42.705912 36
42.726927 8
42.748717 10
42.771571 5
42.854879 33
42.874323 60
42.936302 14
43.103048 35
43.120506 38
43.12845 13
43.176516 57
43.192434 39
43.296098 7
43.304872 55
43.347981 15
43.363178 56
43.372809 31
43.374128 6
43.478554 58
43.496551 59
43.656807 12
43.6719 32
43.681814 11
43.7141 36
43.753219 10
44.066402 53
44.109773 35
44.130501 38
44.1335 13
44.199031 17
44.302214 7
44.322378 37
44.377646 31
44.483297 58
44.498085 59
44.51883 9
44.537506 4
44.541079 40
44.660338 12
44.680549 32
44.688306 11
44.755586 10
44.854724 34
44.878588 60
44.953011 14
45.111769 35
45.135406 13
45.187207 57
45.200299 39
45.273117 27
45.315831 55
45.331304 37
45.358639 15
45.3703 16
45.375796 6
45.492342 58
45.499959 54
45.507004 59
45.543469 40
45.660571 12
45.688694 11
45.724464 36
45.763598 10
45.786918 41
45.840501 3
45.867611 33
45.88159 60
45.953141 14
46.120479 35
46.138807 13
46.140085 38
46.321769 7
46.331318 37
46.3676 15
46.371231 16
46.3802 6
46.402521 19
46.456688 29
46.50212 58
46.51281 59
46.521506 9
46.549918 40
46.666696 12
46.690583 32
46.697016 11
46.728471 36
46.74796 8
46.771854 10
46.791632 41
46.860544 34
46.867806 33
46.882395 60
46.958855 14
47.125099 35
47.139798 13
47.144618 38
47.215688 17
47.32917 55
47.333804 37
47.37268 16
47.38471 56
47.387978 31
47.405952 19
47.5032 58
47.507389 54
47.517304 59
47.528811 9
47.55743 4
47.671843 12
47.694134 32
47.702684 11
47.773641 10
47.79665 41
47.861562 34
47.871206 33
48.145763 13
48.151958 38
48.202405 57
48.215928 39
48.33761 55
48.340441 37
48.373864 15
48.374557 16
48.386934 6
48.393938 56
48.510017 58
48.520028 59
48.535962 9
48.681416 12
48.687478 30
48.700158 32
48.706032 11
48.736394 36
48.778082 10
48.788749 5
48.796603 41
48.868714 34
48.890779 60
48.974495 14
49.139161 35
49.147089 13
49.15231 38
49.204959 57
49.220486 39
49.340892 55
49.341795 7
49.350251 37
49.376599 15
49.390851 6
49.401457 56
49.51067 58
49.528764 59
49.539208 9
49.562125 40
49.690164 12
49.705755 32
49.715148 11
49.739699 36
49.757501 8
49.784904 10
49.799028 41
49.869518 34
49.881453 33
49.893995 60
49.976945 14
50.089098 53
50.142285 35
50.154553 38
50.156227 13
50.209069 57
50.224434 39
50.357437 37
50.380829 15
50.399497 6
50.404551 56
50.51111 58
50.512356 54
50.537774 59
50.548801 9
50.696715 12
50.710467 32
50.717184 11
50.741814 36
50.766428 8
50.79139 10
50.800476 41
50.870251 3
50.875327 34
50.883541 33
50.900445 60
51.095251 53
51.148553 35
51.16442 13
51.214766 57
51.22942 39
51.364257 37
51.388905 15
51.407624 6
51.413443 56
51.514754 58
51.515323 54
51.544344 59
51.552626 9
51.700368 12
51.717298 11
51.720366 32
51.749727 36
51.799676 10
51.80168 41
51.878755 34
51.889474 33
51.905828 60
51.97989 14
52.096369 53
52.156347 35
52.164504 38
52.17069 13
52.230346 39
52.360352 55
52.364169 7
52.383009 16
52.394631 15
52.41373 56
52.518214 58
52.544504 59
52.557732 9
52.580282 40
52.705301 12
52.718083 11
52.724041 32
52.751995 36
52.80621 41
52.807048 10
52.816099 5
52.876915 3
52.88072 34
52.896535 33
52.9153 60
52.985116 14
53.097517 53
53.16295 35
53.171589 13
53.173461 38
53.229027 57
53.233868 39
53.305686 44
53.362078 55
53.366806 7
53.375333 37
53.384031 16
53.400418 15
53.420395 56
53.518928 58
53.521014 54
53.567447 9
53.582917 40
53.713775 12
53.719386 11
53.733849 32
53.759938 36
53.811672 10
53.814341 41
53.824745 5
53.881982 34
53.906496 33
53.987657 14
54.103028 53
54.165037 35
54.174271 38
54.175021 13
54.229445 57
54.242271 39
54.310733 44
54.371189 55
54.390516 16
54.40236 15
54.421109 56
54.432373 6
54.518941 58
54.529413 54
54.552577 59
54.568038 9
54.583324 40
54.714009 12
54.721301 11
54.743626 32
54.766386 36
54.82063 10
54.886235 34
54.915602 33
54.921731 60
54.991877 14
55.168559 35
55.177873 13
55.179413 38
55.231144 57
55.248019 39
55.32771 52
55.370249 7
55.378744 55
55.381251 37
55.407505 15
55.428689 56
55.526551 58
55.532381 54
55.561984 59
55.576715 9
55.717723 12
55.731484 11
55.753159 32
55.775093 36
55.822853 41
55.827116 10
55.887649 34
55.9287 60
56.110207 53
56.169517 35
56.183105 13
56.189317 38
56.238611 57
56.252486 39
56.378622 7
56.385291 55
56.416496 15
56.434682 56
56.44244 31
56.533609 54
56.567546 59
56.584386 9
56.595978 40
56.724792 12
56.73349 11
56.76138 32
56.780015 36
56.832388 41
56.833358 10
56.897791 34
56.935181 60
57.11929 53
57.175785 35
57.185011 13
57.192812 38
57.244582 57
57.262171 39
57.386691 7
57.392815 55
57.403134 16
57.419049 15
57.443585 31
57.534806 54
57.542963 58
57.57265 59
57.588699 9
57.727316 12
57.74346 11
57.7707 32
57.783229 36
57.837864 41
57.841431 10
57.843459 5
57.906866 34
57.938221 33
57.939709 60
58.008593 14
58.177689 35
58.189511 13
58.201159 38
58.247776 57
58.264013 39
58.360676 27
58.390366 7
58.401193 55
58.403022 37
58.40501 16
58.426758 15
58.44917 56
58.538232 54
58.544775 58
58.578609 59
58.60088 40
58.72993 12
58.744276 11
58.775442 32
58.788274 36
58.84395 41
58.849443 10
58.853509 5
58.916947 34
58.939637 33
58.941185 60
59.01034 14
59.187161 35
59.198802 13
59.250971 57
59.264147 39
59.268246 17
59.396145 7
59.403683 55
59.411123 37
59.414791 16
59.428425 15
59.445722 31
59.454609 6
59.455774 56
59.548309 54
59.551684 58
59.603057 40
59.605474 9
59.73166 12
59.749577 11
59.783907 32
59.791792 36
59.850433 41
59.922667 3
59.941785 33
59.948276 60
60.015993 14
60.189858 35
60.199731 13
60.255233 57
60.271041 17
60.40727 55
60.413487 37
60.41804 16
60.430641 15
60.458952 6
60.555877 58
60.590069 59
60.612839 9
60.756434 11
60.790175 32
60.801628 36
60.860487 41
60.865954 10
60.922706 34
60.946223 33
60.949936 60
61.016641 14
61.191885 35
61.21674 38
61.26447 57
61.272226 39
61.336426 44
61.349604 42
61.361404 52
61.417266 55
61.418446 37
61.45674 31
61.464373 56
61.546067 29
61.564281 58
61.565931 54
61.598042 59
61.619014 9
61.743145 12
61.758196 11
61.793087 32
61.806276 36
61.866451 41
61.92885 34
61.953101 33
61.957454 60
61.9894 28
62.079424 18
62.192415 35
62.207327 13
62.218068 38
62.273767 57
62.276632 39
62.279562 17
62.419419 55
62.421359 37
62.464476 56
62.480308 19
62.546564 29
62.568779 58
62.583043 47
62.597989 59
62.616759 40
62.625615 9
62.743196 12
62.801735 32
62.803128 8
62.809062 36
62.87269 41
62.93115 34
62.961951 60
63.027033 14
63.156877 53
63.21079 13
63.228033 38
63.283181 17
63.285859 39
63.427049 37
63.428247 16
63.451602 15
63.464824 56
63.552919 29
63.569554 58
63.600377 59
63.635605 9
63.747855 12
63.775726 11
63.808638 8
63.809712 32
63.814198 36
63.877312 41
63.881781 10
63.965545 33
63.967913 60
64.032107 14
64.203486 35
64.219378 13
64.230093 38
64.275731 57
64.285793 17
64.360487 42
64.382599 52
64.428926 37
64.432138 16
64.435169 55
64.45684 15
64.46688 56
64.481575 6
64.493762 19
64.572404 58
64.577947 54
64.608472 59
64.624866 40
64.643001 9
64.751843 12
64.784811 11
64.812196 32
64.81674 36
64.81781 8
64.834488 43
64.878974 41
64.88961 10
64.937275 34
64.967022 33
65.097056 18
65.207496 35
65.281916 57
65.293288 17
65.439538 16
65.440191 55
65.457316 15
65.469578 56
65.574614 58
65.586224 54
65.612508 59
65.649664 9
65.76056 12
65.792462 11
65.813581 32
65.821641 8
65.825538 36
65.896065 10
65.946471 34
66.01651 28
66.03969 14
66.212482 35
66.235305 13
66.238731 38
66.283798 57
66.298283 39
66.302797 17
66.3741 42
66.390229 52
66.437834 37
66.445961 16
66.449851 55
66.464263 15
66.474259 56
66.490109 6
66.495375 19
66.574578 29
66.575083 58
66.593128 54
66.613828 59
66.653916 9
66.773158 30
66.797336 11
66.830599 8
66.834275 36
66.888278 41
66.95405 34
66.970892 33
66.981283 60
67.049646 14
67.101162 18
67.219116 35
67.237883 13
67.291966 57
67.298996 39
67.392198 52
67.440382 37
67.451377 16
67.458961 55
67.473376 15
67.474363 56
67.485795 31
67.582145 58
67.59933 54
67.620367 59
67.655117 9
67.776409 12
67.819159 32
67.852632 43
67.906291 10
67.956013 34
67.980456 33
68.057192 14
68.226757 35
68.241235 38
68.297327 57
68.30685 39
68.316597 17
68.389239 42
68.396853 52
68.451881 16
68.462274 55
68.474374 56
68.478216 15
68.502518 6
68.506357 19
68.587009 58
68.604219 54
68.622786 59
68.645474 40
68.663794 9
68.785594 30
68.808976 11
68.826251 32
68.845371 8
68.847782 36
68.862688 43
68.898188 5
68.906157 41
68.914882 10
68.957458 34
68.990979 60
69.057352 14
69.114033 25
69.116742 18
69.187415 53
69.232658 35
69.241831 38
69.323176 17
69.368265 44
69.39423 42
69.402789 52
69.465251 55
69.48406 56
69.485865 15
69.4991 31
69.591385 58
69.604776 54
69.653693 40
69.671433 9
69.74044 49
69.787833 12
69.790088 30
69.830414 32
69.84889 36
69.85018 8
69.867343 43
69.87424 50
69.908552 41
69.920972 10
69.963298 34
69.991222 33
70.000023 60
70.04222 46
70.060198 14
70.122945 18
70.245051 38
70.253396 13
70.323321 39
70.377768 44
70.404286 42
70.410556 52
70.452125 7
70.466916 55
70.49045 56
70.492628 15
70.517248 19
70.589776 29
70.601132 58
70.606248 54
70.627349 59
70.652272 22
70.656083 40
70.677089 9
70.787976 12
70.821958 11
70.834637 32
70.851798 36
70.852516 8
70.909755 41
70.968863 34
70.991906 33
71.007114 60
71.064478 14
71.123838 18
71.190229 53
71.246567 35
71.247081 38
71.2546 13
71.323847 57
71.326722 17
71.332396 39
71.409582 42
71.424523 27
71.452595 7
71.474801 37
71.477095 55
71.491316 56
71.495302 15
71.508593 31
71.522693 19
71.592683 29
71.603494 58
71.607537 54
71.629554 59
71.640267 48
71.662838 40
71.682898 9
71.824696 11
71.839684 32
71.861077 8
71.917001 41
71.973054 34
72.001988 33
72.007248 60
72.04068 28
72.074342 14
72.129706 18
72.193331 53
72.252376 38
72.260107 13
72.327839 17
72.419517 42
72.422214 52
72.475852 37
72.477844 55
72.480656 16
72.493556 56
72.498891 15
72.517672 31
72.525178 19
72.581031 21
72.596536 29
72.636428 59
72.669073 40
72.690202 9
72.803966 30
72.831005 11
72.842168 32
72.861734 36
72.870493 8
72.884052 43
72.88473 50
72.920472 5
72.925041 41
72.935791 10
72.975568 34
73.007808 60
73.048044 28
73.083353 14
73.139601 18
73.200033 53
73.32914 17
73.329655 57
73.342885 39
73.392546 44
73.429481 42
73.470838 7
73.480292 37
73.483507 55
73.488667 16
73.501655 56
73.504037 15
73.52019 31
73.532677 23
73.58523 21
73.599931 29
73.615517 54
73.620058 58
73.643608 59
73.644507 48
73.65521 47
73.67427 40
73.69894 9
73.81081 30
73.849382 32
73.866138 36
73.873012 8
73.908693 26
73.920696 5
73.929998 41
73.9413 10
74.014075 60
74.051839 28
74.08864 14
74.14321 18
74.148521 25
74.205391 53
74.260152 35
74.33044 17
74.339777 57
74.349152 39
74.393199 44
74.429051 52
74.439476 42
74.474939 7
74.484042 55
74.488881 37
74.49686 16
74.502673 56
74.505704 15
74.524478 31
74.544461 19
74.586835 21
74.620039 58
74.625381 54
74.648376 59
74.658555 47
74.679743 40
74.705054 9
74.852904 32
74.871335 36
74.876691 8
74.889546 43
74.922292 5
74.930408 41
74.947207 10
75.014567 33
75.023516 60
75.094171 14
75.15208 25
75.210598 53
75.269594 35
75.330611 17
75.347213 57
75.349164 39
75.398125 44
75.438222 52
75.44813 42
75.482581 7
75.486379 55
75.493931 37
75.502734 16
75.512207 56
75.512742 15
75.553904 19
75.589142 21
75.605013 29
75.623927 58
75.631949 54
75.657936 59
75.65845 48
75.666844 47
75.685704 40
75.705919 9
75.862132 32
75.872809 36
75.885252 8
75.895092 50
75.896001 43
75.930236 5
75.938204 41
75.950153 10
75.990156 34
76.015586 33
76.03137 60
76.064737 28
76.10074 14
76.152313 25
76.155525 18
76.219039 53
76.270705 35
76.339265 17
76.35178 57
76.353996 39
76.407568 44
76.446447 52
76.457667 42
76.48899 55
76.506075 16
76.519597 15
76.542117 31
76.557945 19
76.591389 21
76.607828 29
76.629188 58
76.636838 54
76.664474 59
76.6726 47
76.694838 40
76.708249 9
76.864127 32
76.876236 36
76.890945 8
76.902914 43
76.922946 26
76.930795 5
76.940842 41
76.959385 10
76.995049 34
77.016819 33
77.034067 60
77.068562 28
77.071982 46
77.104226 14
77.159625 25
77.16304 18
77.219608 53
77.278498 35
77.343922 17
77.35412 57
77.362766 39
77.411273 44
77.453542 52
77.457714 42
77.489441 7
77.492485 55
77.506899 37
77.510881 16
77.524101 15
77.542124 51
77.552173 31
77.560796 19
77.594916 21
77.607958 29
77.634327 58
77.647008 54
77.664635 59
77.671905 48
77.6768 47
77.694909 40
77.71302 9
77.864536 32
77.880975 36
77.895722 8
77.903581 50
77.910467 43
77.932971 5
77.9494 41
77.967152 10
78.042013 60
78.072295 28
78.080419 46
78.104326 14
78.163489 25
78.171562 18
78.224174 53
78.344398 17
78.356765 57
78.372298 39
78.419372 44
78.462164 52
78.46771 42
78.498422 55
78.516922 37
78.517671 16
78.523198 56
78.531811 15
78.552554 31
78.562946 19
78.604852 21
78.642151 58
78.648724 54
78.668091 59
78.678083 48
78.685913 47
78.704654 40
78.713031 9
78.86586 32
78.86983 11
78.882327 36
78.895738 8
78.910788 43
78.933499 5
78.93609 26
78.973242 10
79.023313 33
79.050752 60
79.073129 28
79.111993 14
79.172541 25
79.180756 18
79.227 53
79.293014 38
79.348048 17
79.361455 57
79.373378 39
79.419721 44
79.470449 52
79.505061 55
79.523101 37
79.524369 56
79.525833 16
79.533966 15
79.54671 51
79.556385 31
79.569184 19
79.606183 21
79.624788 29
79.648327 58
79.656635 54
79.670968 59
79.687427 47
79.710431 40
79.723173 9
79.86752 32
79.885327 36
79.897953 8
79.919654 43
79.934791 5
79.942631 26
79.952601 41
79.979911 10
80.014765 34
80.03193 33
80.054058 60
80.078358 28
80.119813 14
80.176741 25
80.186685 18
80.233946 53
80.287414 35
80.352705 17
80.366114 57
80.380652 39
80.423334 44
80.474677 52
80.485931 42
80.500677 7
80.511578 55
80.527357 37
80.530576 56
80.534424 16
80.544086 15
80.56345 31
80.572219 19
80.630289 29
80.652855 58
80.662868 54
80.676988 59
80.693031 47
80.717216 40
80.730721 9
80.874185 32
80.902821 8
80.928542 50
80.936753 5
80.956674 41
80.983894 10
81.023961 34
81.038687 33
81.056359 60
81.086424 28
81.090349 46
81.123361 14
81.18265 25
81.188219 18
81.292461 35
81.304002 38
81.318397 13
81.362367 17
81.372237 57
81.385454 39
81.426185 44
81.477346 27
81.491562 42
81.515531 55
81.531747 56
81.542312 16
81.553931 15
81.557888 51
81.566273 31
81.616168 21
81.632341 29
81.657781 58
81.669191 54
81.686639 59
81.716247 4
81.720003 40
81.736163 9
81.852588 30
81.880087 32
81.903326 8
81.925209 43
81.959953 41
82.033004 34
82.086862 28
82.1252 14
82.189783 18
82.302208 35
82.311738 38
82.37212 17
82.374181 57
82.432515 44
82.471615 20
82.482978 52
82.518051 55
82.539388 56
82.542888 37
82.546629 16
82.560786 15
82.566758 51
82.569432 31
82.575328 19
82.616308 21
82.662675 58
82.720318 40
82.742002 9
82.81638 49
82.853877 30
82.881716 32
82.88603 11
82.89451 36
82.906304 8
82.945026 50
82.964818 41
83.054214 33
83.094101 46
83.096271 28
83.187479 25
83.190676 18
83.254723 53
83.319933 38
83.37519 17
83.377527 57
83.486412 52
83.51295 7
83.519014 55
83.545435 37
83.548372 56
83.551069 16
83.571492 31
83.573888 51
83.588389 6
83.641969 29
83.671873 58
83.68184 54
83.69642 59
83.72402 40
83.744301 9
83.863589 30
83.88478 32
83.893986 11
83.914071 8
83.939736 43
83.952711 5
83.955278 26
83.967975 41
84.003261 10
84.044592 34
84.05981 33
84.073878 60
84.098937 46
84.136262 14
84.254955 53
84.310227 35
84.324221 38
84.37947 57
84.3818 17
84.407307 39
84.442214 44
84.485826 20
84.48904 27
84.49247 52
84.502018 42
84.517631 7
84.520282 55
84.553586 16
84.556196 56
84.574407 31
84.57538 15
84.578851 51
84.581244 19
84.591512 6
84.629161 21
84.651437 29
84.680429 58
84.68438 54
84.731474 22
84.732545 40
84.747638 9
84.825911 49
84.856742 12
84.861106 45
84.872904 30
84.88705 32
84.914485 8
84.95562 5
84.969759 41
85.048111 34
85.064949 33
85.107765 28
85.141427 14
85.200763 18
85.257141 53
85.382634 57
85.388715 17
85.498909 27
85.503072 42
85.526158 7
85.528812 55
85.558819 16
85.561274 56
85.582099 24
85.583455 31
85.585682 19
85.591197 23
85.635741 21
85.65651 29
85.683096 58
85.828921 49
85.867919 45
85.879901 30
85.891121 32
85.904345 11
85.908697 36
85.922863 8
85.942148 43
85.955089 50
85.965059 5
86.051937 34
86.072133 33
86.10574 46
86.113147 28
86.144944 14
86.209194 18
86.25838 53
86.317635 35
86.329959 38
86.389038 17
86.390223 57
86.449563 44
86.491889 20
86.501931 52
86.503058 42
86.528794 7
86.537191 55
86.568945 56
86.586038 15
86.589662 19
86.593389 31
86.639788 21
86.657464 29
86.691012 58
86.701788 54
86.715242 59
86.717866 48
86.742848 40
86.754037 9
86.834556 49
86.874823 45
86.880031 30
86.901051 32
86.928189 8
86.947901 43
86.970866 5
86.980955 41
87.034716 3
87.078584 33
87.107524 46
87.116544 28
87.154442 14
87.215122 18
87.26731 53
87.337879 38
87.492845 20
87.511468 52
87.546851 55
87.565533 16
87.572469 37
87.577593 56
87.592422 19
87.597525 51
87.601431 31
87.607532 6
87.643468 21
87.660951 29
87.707228 54
87.72264 48
87.73707 22
87.758291 4
87.885165 30
87.904908 32
87.930952 8
87.956461 43
87.967346 26
87.987164 41
88.034965 3
88.119667 28
88.213544 25
88.223278 18
88.267695 53
88.408634 57
88.454715 44
88.498104 20
88.511457 27
88.520639 52
88.552452 55
88.586058 56
88.596372 19
88.601548 15
88.605906 51
88.606817 31
88.611204 6
88.649254 21
88.663187 29
88.702358 58
88.712758 54
88.735662 47
88.739159 22
88.765959 9
88.843598 49
88.882283 45
88.887278 30
88.91319 32
88.940246 8
88.962428 43
88.975436 50
88.982603 5
88.988062 41
89.08938 33
89.127215 28
89.223226 18
89.271131 53
89.456376 44
89.498817 20
89.522455 42
89.524469 52
89.562387 55
89.61434 31
89.616035 6
89.655284 21
89.664079 29
89.714505 54
89.736095 48
89.738549 47
89.748694 22
89.768095 4
89.915521 32
89.917853 1
89.942826 8
89.975271 26
89.977407 50
89.985695 5
90.093878 33
90.129483 28
90.22643 25
90.404644 17
90.457883 44
90.506548 20
90.517859 27
90.524883 42
90.534616 52
90.551334 7
90.563503 55
90.576563 16
90.59191 56
90.612967 23
90.615223 51
90.615851 31
90.620959 6
90.661741 21
90.666559 29
90.717472 54
90.744213 47
90.765257 40
90.77559 4
90.859568 49
90.893764 30
90.896274 45
90.915686 32
90.923384 1
90.965359 43
90.980684 26
90.984108 50
90.989611 5
91.043221 3
91.132667 28
91.236427 25
91.28487 53
91.335212 35
91.350699 38
91.411834 17
91.46696 44
91.509762 20
91.52544 27
91.528805 42
91.540797 52
91.572125 55
91.586313 16
91.600253 56
91.612921 19
91.624803 24
91.671769 21
91.673463 29
91.725749 54
91.73826 59
91.755917 22
91.778173 4
91.895847 30
91.897654 45
91.918048 32
91.969586 43
91.981152 26
91.987361 50
91.995296 5
92.00684 41
92.043379 3
92.069518 34
92.137591 28
92.143818 46
92.229567 18
92.291969 53
92.305446 2
92.341997 35
92.417773 17
92.426568 57
92.519477 20
92.531952 27
92.53816 42
92.547587 52
92.576109 55
92.590447 16
92.620899 19
92.625248 24
92.67521 29
92.678897 21
92.73363 54
92.75484 47
92.764909 22
92.774126 40
92.778345 4
92.780863 9
92.863208 49
92.901042 30
92.921692 32
92.949348 36
92.9632 8
92.979489 43
92.988691 50
93.002141 5
93.147366 28
93.152255 46
93.23455 18
93.240738 25
93.296962 53
93.342803 35
93.364585 38
93.381579 13
93.424413 17
93.433852 57
93.481541 44
93.520616 20
93.541961 42
93.547847 52
93.586288 55
93.596809 16
93.616542 56
93.625429 19
93.632772 24
93.684988 21
93.74093 54
93.755897 47
93.772247 22
93.790761 9
93.906238 30
93.908349 45
93.923778 32
93.957657 36
93.965689 8
93.980786 43
93.99631 26
94.010359 5
94.052178 3
94.115899 33
94.153022 28
94.159625 46
94.242644 18
94.306502 53
94.348033 35
94.425408 17
94.441868 57
94.488267 44
94.52261 20
94.546097 42
94.547753 27
94.549541 52
94.593567 55
94.599724 16
94.633773 19
94.688882 21
94.693414 29
94.742555 54
94.758235 47
94.76778 48
94.777785 22
94.800872 9
94.876858 49
94.910427 30
94.917267 45
94.927819 32
94.968238 8
94.988309 43
95.000776 26
95.015801 5
95.054198 3
95.116918 33
95.154497 28
95.252723 18
95.308779 53
95.352531 35
95.38942 13
95.426952 17
95.448052 57
95.496428 44
95.528419 20
95.549718 27
95.55304 42
95.555904 52
95.579622 7
95.598437 55
95.605323 16
95.631275 56
95.634824 19
95.638238 24
95.642976 23
95.645103 31
95.649469 51
95.695614 21
95.702576 29
95.747659 54
95.773989 48
95.78381 22
95.806619 9
95.882585 49
95.916843 30
95.918464 45
95.930241 32
95.958063 1
95.992445 43
96.009759 26
96.021608 5
96.054142 3
96.085948 34
96.158932 28
96.256877 25
96.261001 18
96.31368 53
96.358615 35
96.427031 17
96.457442 57
96.505656 44
96.530931 20
96.558306 42
96.559007 27
96.563793 52
96.60842 16
96.640045 56
96.643534 19
96.644603 24
96.652717 31
96.698287 21
96.704934 29
96.749039 54
96.763522 47
96.774582 48
96.792704 22
96.883215 49
96.919661 45
96.936052 32
96.969797 8
97.013554 26
97.027812 5
97.057077 3
97.121214 33
97.263359 18
97.266906 25
97.314981 53
97.359451 35
97.434465 17
97.509819 44
97.532284 20
97.563296 42
97.571987 52
97.617864 16
97.659609 51
97.70546 29
97.706331 21
97.751884 54
97.770041 47
97.800195 22
97.805447 4
97.816223 9
97.884517 49
97.925772 45
97.926379 30
97.969565 36
97.978267 8
98.005812 43
98.020766 26
98.028249 5
98.050774 41
98.058822 3
98.174668 28
98.181653 46
98.272522 18
98.315457 53
98.364743 35
98.438115 17
98.513677 44
98.538306 20
98.565113 42
98.578531 27
98.579296 52
98.619299 55
98.621693 16
98.653418 19
98.655251 31
98.65727 23
98.660789 51
98.708608 21
98.712182 29
98.751983 54
98.773203 47
98.805122 22
98.892471 49
98.931028 45
98.933162 30
98.948831 32
98.976684 36
98.987164 8
99.01422 43
99.029143 5
99.059559 3
99.124534 33
99.175991 28
99.185451 46
99.276192 18
99.317856 53
99.370003 35
99.378383 38
99.445152 17
99.519915 44
99.547929 20
99.571783 42
99.582333 52
99.586111 27
99.62249 55
99.652073 56
99.659809 19
99.660519 23
99.661327 51
99.71299 21
99.713593 29
99.753302 54
99.777921 47
99.798549 48
99.81249 22
99.826436 9
99.901859 49
99.937565 45
99.964567 1
99.977914 36
100.014876 43
100.032171 26
100.034127 5
100.063898 3
100.177771 28
100.28032 18
100.289026 25
100.319645 53
100.346511 2
100.413291 13
100.454081 17
100.524932 44
100.553951 20
100.57421 42
100.586072 52
100.588199 27
100.611786 7
100.622751 55
100.635669 16
100.652756 56
100.662721 19
100.66571 51
100.718758 29
100.721522 21
100.758436 54
100.782304 47
100.806436 48
100.815861 22
100.905419 49
100.94456 45
100.956362 32
100.971746 1
101.004927 8
101.019988 43
101.035204 5
101.041275 26
101.069 3
101.069948 41
101.180192 28
101.28695 18
101.290449 25
101.323295 53
101.379304 35
101.413427 13
101.456327 17
101.531506 44
101.559271 20
101.583534 42
101.596847 27
101.620892 7
101.628261 55
101.635898 16
101.653287 56
101.662918 19
101.670954 23
101.673546 31
101.675892 51
101.725235 29
101.762869 54
101.782506 47
101.82329 22
101.910627 49
101.946276 30
101.952685 45
101.963271 32
101.978987 1
102.014709 8
102.044704 5
102.050106 26
102.073247 3
102.185634 28
102.201668 46
102.291658 18
102.292421 25
102.32426 53
102.350483 2
102.385968 35
102.464859 17
102.532495 44
102.562211 20
102.583794 42
102.59651 52
102.600948 27
102.629845 7
102.634442 55
102.63988 16
102.655313 56
102.668553 15
102.672665 19
102.673867 31
102.675954 24
102.678078 23
102.731102 29
102.791589 47
102.823731 22
102.842794 9
102.953516 30
102.957635 45
102.967158 32
102.981071 1
103.016374 8
103.026892 50
103.051246 26
103.052648 5
103.134487 10
103.189367 28
103.232383 14
103.296305 18
103.298818 25
103.325957 53
103.35105 2
103.386499 35
103.473361 17
103.535926 44
103.562801 20
103.603849 52
103.608101 27
103.637907 55
103.663167 56
103.674754 19
103.676111 31
103.681266 23
103.690518 51
103.733692 21
103.73822 29
103.768742 54
103.830703 22
103.832034 40
103.833422 4
103.851654 9
103.916312 49
103.966492 45
103.970558 32
103.990356 1
104.029596 50
104.088421 41
104.152731 33
104.198288 28
104.302468 25
104.332017 53
104.352655 2
104.395971 35
104.480002 17
104.590816 42
104.610334 52
104.613606 27
104.644639 7
104.664857 56
104.68026 19
104.691033 24
104.697374 51
104.741278 21
104.743354 29
104.769969 54
104.789674 58
104.798798 47
104.803119 59
104.826907 48
104.8374 22
104.918376 49
104.963145 30
104.968178 45
104.973256 32
104.99421 1
105.032604 50
105.061978 26
105.079152 3
105.138518 10
105.205164 28
105.215779 46
105.338994 53
105.544098 44
105.580857 20
105.610869 52
105.620057 27
105.680212 19
105.692617 23
105.698858 51
105.700663 24
105.713755 6
105.744775 21
105.74736 29
105.844799 22
105.847101 4
105.919007 49
105.971969 45
106.02448 8
106.036345 50
106.064608 5
106.067757 26
106.082575 3
106.146904 34
106.34475 53
106.360778 2
106.549451 44
106.581416 20
106.614944 52
106.626843 27
106.686237 19
106.700291 23
106.705805 51
106.708919 24
106.750042 21
106.755302 29
106.774805 54
106.794336 58
106.807685 47
106.839447 48
106.847883 4
106.853479 22
106.968378 30
106.97338 45
106.977857 32
106.995264 1
107.04567 50
107.071521 26
107.072155 5
107.087738 3
107.160641 33
107.226 46
107.310948 25
107.347424 53
107.620116 52
107.669925 55
107.683009 31
107.703021 23
107.713636 24
107.71565 51
107.757354 21
107.763183 29
107.808375 47
107.851961 4
107.859077 22
107.93284 49
107.971133 30
107.982329 45
107.983698 32
108.002078 1
108.048373 50
108.096837 3
108.111332 41
108.225793 28
108.234833 46
108.316246 25
108.350677 53
108.375095 2
108.557991 44
108.625595 52
108.629187 27
108.675038 55
108.69496 19
108.704348 23
108.720546 51
108.722533 24
108.766191 21
108.772315 29
108.813674 47
108.848812 48
108.863028 22
108.942167 49
108.974375 30
108.992224 32
109.010478 1
109.054433 50
109.08436 26
109.232303 28
109.24446 46
109.318066 25
109.35863 53
109.376059 2
109.63031 52
109.635913 27
109.682073 55
109.71251 23
109.728501 24
109.730124 51
109.769841 21
109.772414 29
109.790085 54
109.852426 48
109.862069 4
109.946154 49
110.05616 50
110.09145 26
110.251768 46
110.362036 53
110.376382 2
110.61118 20
110.61606 42
110.636948 52
110.644103 27
110.6856 55
110.706858 19
110.736705 51
110.737826 24
110.780569 29
110.852594 48
110.955084 49
110.994129 45
111.0173 1
111.065546 50
111.096527 26
111.108296 3
111.260876 46
111.332294 25
111.381404 2
111.642731 52
111.65147 27
111.686898 55
111.741383 24
111.782511 21
111.827066 47
111.879762 22
111.962825 49
112.024266 1
112.069318 50
112.099742 26
112.113612 3
112.336782 18
112.337897 25
112.367383 53
112.648606 52
112.660667 27
112.687891 55
112.742529 24
112.745411 51
112.78607 21
112.828977 47
112.840779 59
112.863607 48
112.889755 22
112.970749 49
113.026747 1
113.075866 50
113.098944 5
113.340297 25
113.58085 44
113.628697 20
113.691632 55
113.751701 24
113.975895 49
114.036582 1
114.102968 26
114.117437 3
114.136803 41
114.278648 46
114.347823 25
114.583914 44
114.652299 52
114.69351 55
114.712292 31
114.753275 24
114.884197 4
114.982964 49
115.015122 45
115.046447 1
115.077057 8
115.084446 50
115.11073 26
115.121409 3
115.283332 46
115.355929 25
115.375008 53
115.593569 44
115.64065 20
115.678433 27
115.696395 55
115.755876 51
115.761379 24
115.805319 21
115.844933 47
115.881562 48
115.890991 4
115.909205 22
115.987318 49
116.020805 45
116.090628 50
116.124161 3
116.138173 41
116.264508 28
116.356649 25
116.379757 53
116.412467 2
116.642796 20
116.666094 52
116.704377 55
116.727368 31
116.753533 23
116.761816 51
116.764844 24
116.808203 29
116.809182 21
116.832767 54
116.846936 47
116.888777 48
116.91462 22
116.99634 49
117.022979 45
117.032906 32
117.059891 1
117.091165 50
117.094912 8
117.130575 3
117.295323 46
117.382033 53
117.41923 2
117.674502 52
117.689901 27
117.70598 55
117.7348 31
117.770868 51
117.772612 24
117.812771 21
117.889158 48
118.002219 49
118.029303 45
118.043111 32
118.301563 46
118.390841 53
118.677722 52
118.693453 27
118.708774 55
118.764883 23
118.774794 51
118.821548 21
118.894237 48
118.906794 4
119.032728 45
119.10301 50
119.368606 18
119.398153 53
119.677799 52
119.694076 27
119.773016 23
119.777713 51
119.817686 29
119.828463 21
119.841943 54
119.895136 48
119.908675 4
120.014679 49
120.030733 30
120.03948 45
120.103242 50
120.116751 8
120.307938 46
120.405496 53
120.679707 52
120.724615 55
120.781364 51
120.819738 29
120.837911 21
120.848237 54
120.902688 48
120.917208 4
121.023457 49
121.040463 45
121.082507 1
121.110767 50
121.137589 26
121.311889 46
121.378846 18
121.41 53
121.683811 52
121.706977 27
121.730827 55
121.788394 23
121.791301 51
121.820509 29
121.842109 21
121.94545 22
122.030374 49
122.049259 45
122.056373 32
122.11347 50
122.141292 26
122.312056 46
122.38279 18
122.411759 53
122.684132 52
122.716664 27
122.737802 55
122.79837 51
122.820608 29
122.847895 21
122.912999 48
123.038999 49
123.055857 45
123.092686 1
123.123253 50
123.29473 28
123.687749 52
123.720856 27
123.747767 55
123.803883 51
123.829801 29
123.849683 21
123.921832 48
124.06508 45
124.10075 1
124.128092 50
124.181187 41
124.312329 46
124.395955 25
124.751202 55
124.766317 56
124.854554 21
124.92621 48
125.052375 49
125.070642 45
125.17508 3
125.316219 46
125.469389 2
125.728845 27
125.752927 55
125.798086 19
125.802442 24
125.802947 23
125.820096 51
125.84068 29
125.930283 48
125.947118 4
125.970377 22
126.057887 49
126.071533 45
126.108549 1
126.141738 50
126.398356 18
126.409297 25
126.435483 53
126.47084 2
126.660173 44
126.696765 42
126.697531 52
126.731573 27
126.755355 55
126.803008 24
126.810346 23
126.824876 51
126.860182 54
126.866125 21
126.894669 47
126.934355 48
126.979942 22
127.076729 45
127.112525 1
127.16579 26
127.181071 3
127.325586 46
127.414016 25
127.704411 42
127.758911 55
127.811693 24
127.812211 19
127.830847 51
127.852902 29
127.868153 54
127.870721 21
127.894902 47
127.942975 48
128.061772 49
128.07817 45
128.116744 1
128.172881 26
128.182761 43
128.187333 3
128.328926 46
128.419406 25
128.444951 53
128.759691 55
128.779054 16
128.818157 23
128.82178 24
128.836389 51
128.868801 54
128.879071 21
128.951381 48
128.958649 4
128.996448 22
129.062311 49
129.084982 45
129.12069 1
129.170228 5
129.19276 41
129.318838 28
129.335867 46
129.411564 18
129.42031 25
129.678948 44
129.708412 52
129.719337 42
129.74403 27
129.769321 55
129.784532 16
129.795519 56
129.798645 31
129.813628 37
129.825642 24
129.826685 23
129.86488 29
129.885345 21
129.907207 47
129.951394 48
129.964855 40
130.004397 22
130.065352 49
130.067491 30
130.092832 45
130.163751 50
130.184804 26
130.185723 43
130.194332 3
130.197443 41
130.325592 28
130.344335 46
130.425608 25
130.640389 39
130.680364 44
130.716453 52
130.717186 20
130.726219 42
130.746636 27
130.772603 55
130.802366 56
130.827917 24
130.829523 19
130.836739 23
130.845706 51
130.873158 29
130.87678 54
130.887988 21
130.916839 47
130.951408 48
130.974325 40
131.009415 22
131.071292 49
131.102726 45
131.166393 50
131.190582 26
131.325755 28
131.348652 46
131.458221 53
131.726082 52
131.753453 27
131.780402 55
131.802139 16
131.831017 24
131.844383 23
131.848838 51
131.876614 29
131.878649 54
131.896062 21
131.926623 47
131.96134 48
131.980647 4
132.010345 22
132.077659 49
132.109233 45
132.134722 1
132.168608 50
132.196544 26
132.204809 3
132.335195 28
132.356386 46
132.41998 18
132.464709 53
132.660399 39
132.694885 44
132.730542 20
132.736229 52
132.781792 55
132.807463 16
132.830099 19
132.839853 24
132.845008 23
132.856213 51
132.882634 29
132.903709 21
132.933661 47
132.970601 48
133.015058 22
133.087109 49
133.118151 45
133.172716 50
133.193411 8
133.2035 43
133.204245 26
133.281641 10
133.363359 46
133.43012 18
133.433142 25
133.470495 53
133.511552 2
133.699353 44
133.733085 20
133.736186 42
133.745583 52
133.762327 27
133.786294 55
133.826808 37
133.839695 19
133.845724 23
133.863282 51
133.911692 21
133.939966 47
133.971042 48
134.089601 49
134.126705 32
134.127252 45
134.181613 50
134.207338 26
134.212182 43
134.218798 41
134.363739 46
134.440046 18
134.441157 25
134.472162 53
134.606126 17
134.706292 44
134.734652 20
134.73724 42
134.748406 52
134.792201 55
134.820052 56
134.844895 19
134.850132 23
134.850751 24
134.863606 51
134.89336 29
134.898201 54
134.917326 21
134.949964 47
134.994284 4
135.027384 22
135.137208 45
135.157787 1
135.189077 50
135.20863 26
135.21641 43
135.353902 28
135.365401 46
135.447188 25
135.474927 53
135.524832 2
135.615605 17
135.710944 44
135.740552 20
135.743147 42
135.757119 52
135.770896 27
135.796978 55
135.823071 16
135.82986 56
135.851622 19
135.853149 24
135.871285 51
135.895534 29
135.905136 54
135.921342 21
135.981018 48
136.03756 22
136.095369 30
136.101694 49
136.139027 32
136.145423 45
136.197792 50
136.221735 43
136.223281 41
136.359588 28
136.372068 46
136.450133 18
136.476624 53
136.624351 17
136.716175 44
136.746917 42
136.765862 52
136.776493 27
136.804197 55
136.842881 31
136.856509 23
136.871519 51
136.896122 29
136.913016 54
136.930179 21
136.936364 59
136.966838 58
137.002073 4
137.046606 22
137.098397 30
137.14737 32
137.151534 45
137.19842 50
137.205977 5
137.224192 43
137.362405 28
137.380505 46
137.393405 14
137.453406 18
137.455923 25
137.480366 53
137.72461 44
137.753464 42
137.755343 20
137.76893 52
137.807601 55
137.867883 19
137.905315 29
137.935843 21
137.937318 59
138.006925 40
138.056477 22
138.104325 30
138.112293 49
138.154095 32
138.159079 45
138.231746 43
138.389064 46
138.459548 18
138.485542 53
138.587583 38
138.624471 13
138.627683 17
138.692484 57
138.725996 44
138.756818 20
138.760621 42
138.769556 52
138.778501 27
138.814728 55
138.836182 56
138.851206 15
138.854386 31
138.874561 24
138.883673 51
138.912311 29
138.923375 54
138.937631 59
138.941202 21
138.958889 47
138.982853 58
139.06531 22
139.10531 30
139.121254 49
139.156732 32
139.160367 45
139.216005 5
139.225279 8
139.235271 43
139.242608 41
139.366759 28
139.390879 46
139.460472 18
139.493678 53
139.545716 2
139.629716 17
139.700866 57
139.728053 44
139.759208 20
139.768053 42
139.773203 52
139.779245 27
139.824846 55
139.833903 16
139.856596 15
139.864242 23
139.871572 19
139.932141 54
139.942349 21
140.065538 22
140.111177 30
140.159521 32
140.217485 50
140.230483 8
140.240139 43
140.399895 46
140.465118 18
140.502363 53
140.598265 38
140.633884 17
140.702357 39
140.703114 57
140.735756 44
140.76816 20
140.777927 42
140.831485 55
140.856798 15
140.86577 31
140.900649 51
140.929843 29
140.939899 54
140.945297 21
140.946619 59
140.998715 58
140.999947 48
141.025722 40
141.167162 32
141.170849 45
141.233521 8
141.242138 43
141.248097 41
141.335301 33
141.37447 28
141.403236 46
141.471257 25
141.511568 53
141.601449 35
141.637207 13
141.744069 44
141.773785 20
141.787098 42
141.792429 52
141.833424 55
141.840249 16
141.84467 56
141.869478 31
141.874924 37
141.88234 19
141.906711 51
141.932414 29
141.943568 54
141.949404 21
142.018403 4
142.029822 40
142.081617 22
142.132757 49
142.174193 32
142.177112 45
142.19132 11
142.191903 1
142.242549 26
142.252536 41
142.396294 60
142.403341 46
142.418467 14
142.470201 18
142.520528 53
142.609334 35
142.612518 38
142.745272 44
142.774711 20
142.797185 42
142.834845 55
142.871945 23
142.874169 15
142.875292 31
142.880767 37
142.914787 51
142.94797 54
142.95165 21
142.986064 47
143.014439 48
143.019704 4
143.031327 40
143.088863 22
143.132777 49
143.181666 45
143.209713 36
143.243079 26
143.252301 43
143.255143 41
143.322678 34
143.402256 60
143.408269 46
143.420123 14
143.478357 18
143.567088 2
143.616043 38
143.717121 57
143.722898 39
143.74855 44
143.775331 20
143.80358 42
143.807017 52
143.843895 55
143.846032 7
143.850258 16
143.878735 15
143.883181 31
143.885389 37
143.89558 19
143.9174 51
143.939998 29
143.953866 21
143.956552 54
143.966936 59
143.993742 47
144.02141 48
144.025552 4
144.038508 40
144.126893 30
144.139694 49
144.181174 32
144.181792 12
144.182863 45
144.216681 36
144.248501 50
144.250932 26
144.253608 3
144.254941 43
144.256286 41
144.331324 34
144.341604 10
144.381855 28
144.408767 60
144.414386 46
144.423182 14
144.487703 18
144.524655 53
144.622803 38
144.643596 13
144.647781 17
144.720773 57
144.732644 39
144.754666 44
144.800759 27
144.812782 42
144.84617 55
144.852118 7
144.852683 16
144.862375 56
144.880371 15
144.885211 31
144.895077 37
144.899011 19
144.926575 51
144.949313 29
144.958126 21
144.966355 54
145.002886 47
145.030122 48
145.0463 40
145.135018 30
145.190036 32
145.192941 45
145.253401 50
145.261121 41
145.26161 43
145.348089 10
145.423922 46
145.426638 14
145.497446 18
145.628015 35
145.629472 38
145.647608 13
145.653201 17
145.722289 57
145.735035 39
145.76188 44
145.801625 27
145.81643 42
145.816967 52
145.848689 55
145.857703 16
145.866446 56
145.887318 15
145.889468 31
145.901527 19
145.902415 37
145.936513 51
145.957285 29
145.957917 6
145.96141 21
145.975242 54
146.01212 47
146.038619 48
146.04927 40
146.136094 30
146.14898 49
146.199203 45
146.230584 36
146.259705 50
146.265806 43
146.341202 34
146.354148 10
146.4159 60
146.426622 46
146.429392 14
146.507494 18
146.530338 53
146.632204 38
146.633763 35
146.662252 17
146.721608 57
146.738862 39
146.768423 44
146.807955 27
146.820522 52
146.821787 42
146.857922 55
146.865103 16
146.865997 7
146.872164 56
146.887307 15
146.901574 23
146.907949 19
146.918612 24
146.939981 51
146.959704 29
146.962444 6
146.967378 21
146.980804 54
146.988047 59
147.022241 47
147.042845 48
147.058068 40
147.136163 30
147.200188 45
147.236116 36
147.260516 50
147.267409 43
147.267923 41
147.344021 34
147.356362 10
147.423571 60
147.429047 46
147.438799 14
147.507594 25
147.510981 18
147.538016 53
147.636278 38
147.643907 35
147.663674 17
147.731638 57
147.739758 39
147.776584 44
147.8141 27
147.826824 52
147.863035 55
147.86939 16
147.881208 56
147.894955 15
147.903995 31
147.909518 19
147.915688 37
147.949522 51
147.960292 29
147.967123 6
147.968617 21
147.981146 54
148.029431 47
148.05299 48
148.058719 40
148.141206 30
148.15375 49
148.202473 12
148.206633 45
148.209938 32
148.266058 50
148.2738 3
148.34455 34
148.359521 10
148.439192 46
148.448359 14
148.513278 18
148.516158 25
148.647489 35
148.669918 17
148.740447 57
148.746605 39
148.784714 44
148.819758 27
148.871627 55
148.872155 7
148.884028 56
148.900985 15
148.906757 31
148.913468 19
148.91683 23
148.92147 37
148.929174 24
148.954546 51
148.966403 29
148.971222 6
148.975624 21
148.987379 54
149.002832 59
149.036133 47
149.055994 48
149.060835 40
149.149423 30
149.156028 49
149.210913 45
149.21285 32
149.243184 36
149.271957 43
149.274711 50
149.275702 41
149.278292 3
149.352465 34
149.365946 10
149.445981 46
149.456026 14
149.520366 18
149.522983 25
149.543882 53
149.657083 35
149.670093 13
149.673019 17
149.740956 57
149.749667 39
149.790799 44
149.82505 27
149.831418 42
149.836682 52
149.873048 55
149.877019 7
149.880955 16
149.888892 56
149.901187 15
149.909031 31
149.916655 19
149.922826 23
149.959113 51
149.973734 29
149.981654 21
150.008913 59
150.044636 47
150.060875 40
150.06559 48
150.127076 22
150.150865 30
150.212584 12
150.214551 45
150.275482 43
150.279732 3
150.282185 41
150.35745 34
150.455669 46
150.523883 18
150.551591 53
150.648197 38
150.676211 17
150.750497 57
150.759841 39
150.799662 44
150.829334 27
150.837004 52
150.838088 42
150.87575 55
150.877215 7
150.886036 16
150.89754 56
150.903526 15
150.914936 31
150.916943 19
150.927417 23
150.929891 37
150.932962 24
150.969019 51
150.977589 6
150.979449 29
150.983961 21
150.999325 54
151.010447 59
151.03811 58
151.051368 47
151.065249 40
151.068259 48
151.157556 30
151.213276 12
151.216054 45
151.222761 32
151.279447 50
151.282941 3
151.285416 43
151.290987 41
151.358529 34
151.380444 10
151.461055 46
151.464983 14
151.532833 18
151.557622 53
151.665652 35
151.67244 13
151.685048 17
151.759948 57
151.761774 39
151.799766 44
151.833039 27
151.84117 52
151.846771 42
151.877775 7
151.882877 55
151.889743 16
151.901366 56
151.904796 15
151.916905 31
151.926111 19
151.930515 37
151.937411 23
151.969711 51
151.985444 21
151.988367 29
152.008182 54
152.015032 59
152.051967 47
152.072919 40
152.135343 22
152.159395 30
152.168325 49
152.21658 45
152.218118 12
152.223933 32
152.285785 3
152.286744 43
152.288467 50
152.299393 41
152.3633 34
152.381712 10
152.461252 46
152.473046 14
152.534275 18
152.564598 53
152.690133 17
152.761738 57
152.76557 39
152.803562 44
152.846525 52
152.848069 42
152.886424 7
152.89147 55
152.907176 56
152.909637 15
152.923878 31
152.932239 37
152.934974 19
152.937696 24
152.977451 51
152.990334 6
152.996919 29
153.011699 54
153.01797 59
153.054094 58
153.062056 47
153.073265 40
153.080585 48
153.159525 30
153.175974 49
153.220859 45
153.228187 32
153.29506 43
153.296541 50
153.306029 41
153.370208 34
153.391829 10
153.418689 28
153.460563 60
153.467248 46
153.480286 14
153.534314 18
153.566662 53
153.602635 2
153.658376 38
153.685376 13
153.691707 17
153.769266 57
153.775529 39
153.804643 44
153.829907 20
153.84234 27
153.848372 52
153.849489 42
153.896975 16
153.898169 55
153.907158 56
153.910022 15
153.925939 31
153.937716 37
153.941823 19
153.951294 23
153.97802 51
153.993903 21
154.00303 29
154.011676 54
154.021884 59
154.071352 47
154.086123 48
154.148401 22
154.163896 30
154.228435 45
154.265324 36
154.296694 43
154.305287 50
154.314434 41
154.370248 34
154.39981 10
154.4871 14
154.541127 18
154.569915 53
154.606498 2
154.685615 35
154.700545 17
154.774596 57
154.778806 39
154.813567 44
154.834342 20
154.848608 27
154.851947 42
154.857238 52
154.90009 7
154.903618 55
154.914372 56
154.916022 15
154.927999 31
154.945725 37
154.978253 51
154.995478 21
155.008714 29
155.017237 54
155.026072 59
155.062632 58
155.074789 47
155.08012 40
155.087741 4
155.094467 48
155.167017 30
155.23189 45
155.296862 43
155.303256 3
155.310126 50
155.321802 41
155.401596 10
155.476431 46
155.579943 53
155.611276 2
155.671561 38
155.692758 13
155.71045 17
155.78371 57
155.785958 39
155.818798 44
155.840882 20
155.861393 42
155.866012 52
155.903947 7
155.909272 16
155.910135 55
155.922867 56
155.925532 15
155.929052 31
155.947129 19
155.954985 23
155.955596 37
155.985719 51
155.998304 21
156.01156 29
156.022889 54
156.035296 59
156.071768 58
156.077585 47
156.083365 40
156.100493 48
156.161002 22
156.17148 30
156.193551 49
156.24038 45
156.241528 32
156.291223 26
156.306063 43
156.312036 50
156.326729 41
156.441454 28
156.474146 60
156.478276 46
156.493798 14
156.554052 18
156.582495 53
156.618771 2
156.674964 38
156.713887 17
156.787586 39
156.822747 44
156.846782 20
156.859496 27
156.870077 42
156.910611 7
156.912044 55
156.912919 16
156.924466 56
156.93212 31
156.934614 15
156.95175 19
156.956189 23
156.957838 37
156.992483 51
156.998719 21
157.002672 6
157.018404 29
157.032662 54
157.073855 58
157.085813 47
157.089906 40
157.119685 9
157.171056 22
157.248528 32
157.296696 26
157.301559 5
157.309711 43
157.312451 50
157.336264 41
157.376109 34
157.449612 28
157.483753 46
157.503052 14
157.556624 18
157.584924 53
157.678886 38
157.709204 13
157.714607 17
157.788483 39
157.794157 57
157.824072 44
157.85018 20
157.870551 42
157.877823 52
157.917157 55
157.91867 16
157.939124 31
157.941682 15
157.953839 19
158.000599 21
158.001199 51
158.028451 29
158.03511 54
158.047946 59
158.074722 58
158.091777 40
158.109004 48
158.119665 9
158.175373 22
158.242441 12
158.248601 32
158.256019 45
158.282541 36
158.316287 43
158.316832 50
158.343082 41
158.380759 34
158.42142 10
158.504281 14
158.556815 18
158.590223 53
158.683968 38
158.715992 13
158.723658 17
158.789104 39
158.795887 57
158.828082 44
158.871879 27
158.875114 42
158.924941 16
158.934896 56
158.943044 15
158.945059 31
158.963665 37
159.004027 51
159.006079 21
159.011572 6
159.034989 29
159.039695 54
159.053569 59
159.094609 47
159.099294 40
159.184206 22
159.250902 32
159.264204 45
159.284931 36
159.320331 43
159.343828 41
159.380891 34
159.451921 28
159.492265 46
159.512314 14
159.561065 18
159.593568 53
159.691094 38
159.71085 35
159.732557 17
159.79351 39
159.804147 57
159.835663 44
159.861919 20
159.87357 27
159.882516 42
159.888108 52
159.920443 7
159.930404 55
159.932006 16
159.936129 56
159.950599 31
159.952584 15
160.01073 51
160.015283 21
160.048338 54
160.058368 59
160.089394 58
160.104888 40
160.13827 9
160.192049 30
160.255919 32
160.264914 45
160.27429 11
160.292691 36
160.323979 43
160.347626 41
160.389782 34
160.430883 10
160.442309 33
160.492989 60
160.51278 14
160.570503 18
160.594959 53
160.695657 38
160.714585 35
160.740326 17
160.799106 39
160.806395 57
160.842603 44
160.885309 42
160.893098 52
160.923446 7
160.933229 55
160.93675 16
160.939955 56
160.953514 31
160.95831 15
160.97585 19
160.978128 37
161.01382 6
161.04065 29
161.04981 54
161.064998 59
161.092701 58
161.108926 40
161.123419 48
161.195077 30
161.259104 32
161.299597 36
161.328483 5
161.337306 8
161.355269 41
161.392631 34
161.452116 33
161.520996 14
161.572433 18
161.596992 53
161.695856 38
161.720455 35
161.743823 17
161.800307 39
161.815753 57
161.848871 44
161.874268 20
161.877988 27
161.893779 42
161.899186 52
161.93352 55
161.940944 56
161.96009 31
161.963211 15
162.014471 6
162.042733 29
162.054242 54
162.067264 59
162.098115 58
162.112873 40
162.267356 32
162.33582 43
162.357052 41
162.399661 34
162.440131 10
162.456126 33
162.503326 60
162.525307 14
162.573754 18
162.604792 53
162.701273 38
162.725869 35
162.746252 17
162.80511 39
162.82084 57
162.898342 42
162.940495 55
162.943702 56
162.947796 16
162.970462 15
162.981544 37
162.992294 19
163.059681 54
163.07368 59
163.106 58
163.122129 40
163.162592 9
163.203759 30
163.268924 32
163.306207 36
163.342275 43
163.366343 41
163.409192 34
163.44796 10
163.465232 33
163.512279 60
163.534256 14
163.582887 18
163.605483 53
163.705867 38
163.727986 35
163.742824 13
163.755426 17
163.815008 39
163.824888 57
163.862842 44
163.904497 52
163.947833 56
163.949002 16
163.970466 31
163.99056 37
163.992308 19
164.041294 51
164.047143 29
164.074268 59
164.114892 58
164.124611 40
164.165014 9
164.272323 32
164.275461 12
164.312441 36
164.3523 43
164.359847 8
164.368798 41
164.416558 34
164.47266 33
164.714366 38
164.728334 35
164.752512 13
164.76115 17
164.817094 39
164.830463 57
164.869202 44
164.947267 7
164.949622 55
164.95338 16
164.977367 15
164.978844 31
164.99583 19
165.000187 37
165.047905 51
165.079159 59
165.122716 58
165.134325 40
165.29451 11
165.318981 36
165.368804 8
165.370673 41
165.422062 34
165.456202 10
165.548217 14
165.597429 18
165.618825 53
165.737867 35
165.760063 13
165.763854 17
165.826809 39
165.830666 57
165.91365 42
165.949608 55
165.951428 56
165.9555 16
165.979186 15
165.983589 31
166.004937 19
166.076945 54
166.081852 59
166.132371 58
166.142117 40
166.279733 32
166.284565 12
166.296393 11
166.321157 36
166.365515 43
166.375905 41
166.378525 8
166.422713 34
166.48248 33
166.522271 46
166.526441 60
166.553565 14
166.59884 18
166.622781 53
166.727978 38
166.746667 35
166.764319 13
166.830626 57
166.831825 39
166.915803 42
166.950449 55
166.955315 56
166.958994 16
166.984063 31
166.986133 15
167.008455 37
167.011176 19
167.05853 21
167.066712 51
167.084581 54
167.086804 59
167.135893 58
167.149359 40
167.185338 9
167.220326 22
167.231255 30
167.234142 49
167.301369 45
167.369406 43
167.382113 41
167.428033 34
167.486825 33
167.530115 60
167.562636 14
167.606783 18
167.62698 53
167.734768 38
167.749548 35
167.764989 17
167.76656 13
167.837391 39
167.839801 57
167.880989 44
167.921467 52
167.954281 55
167.962397 16
167.964085 56
167.987097 15
168.011765 37
168.076772 51
168.088402 54
168.092976 59
168.13682 58
168.149369 40
168.190415 9
168.297972 12
168.311172 45
168.331612 36
168.356774 50
168.376136 43
168.383286 41
168.389849 8
168.428166 34
168.475202 10
168.48992 33
168.525626 46
168.534642 60
168.569418 14
168.61027 18
168.614527 25
168.627152 53
168.700816 26
168.741803 38
168.756822 35
168.769432 17
168.837707 39
168.849282 57
168.889821 44
168.930575 42
168.962018 55
168.964066 56
168.966073 16
168.991114 15
169.00219 31
169.013702 37
169.021517 19
169.065799 21
169.079996 51
169.089203 54
169.097623 59
169.142203 58
169.15948 40
169.192805 9
169.23549 22
169.303113 32
169.319296 45
169.336992 36
169.378806 43
169.390995 8
169.392119 41
169.434738 34
169.484983 10
169.499178 33
169.529852 46
169.539017 60
169.579221 14
169.617724 18
169.634342 53
169.749082 38
169.75833 35
169.844889 39
169.855894 57
169.89316 44
169.965423 55
169.966943 16
169.997176 15
170.009347 31
170.027572 19
170.066276 21
170.073983 29
170.081724 51
170.104222 59
170.145023 58
170.161413 40
170.195563 9
170.313257 32
170.319853 45
170.322266 11
170.386848 43
170.398916 8
170.399792 41
170.489943 10
170.501815 33
170.537251 46
170.548367 60
170.579443 14
170.62115 18
170.638022 53
170.752333 38
170.765269 35
170.785155 17
170.861499 57
170.902388 44
170.925048 20
170.936254 42
170.947056 52
170.967324 16
170.969308 56
170.975052 55
171.011896 31
171.0296 19
171.077805 29
171.088458 51
171.109204 59
171.154922 58
171.161483 40
171.174124 48
171.203934 9
171.30902 12
171.317847 32
171.322271 45
171.331657 11
171.351383 36
171.389122 43
171.401862 8
171.4071 41
171.437476 34
171.501949 33
171.541843 46
171.54911 60
171.580946 14
171.630191 18
171.645518 53
171.757354 38
171.791765 17
171.870125 57
171.909237 44
171.943411 42
171.952992 52
171.968742 16
171.973928 56
171.981844 55
172.010122 15
172.015573 31
172.029827 19
172.072507 21
172.09751 51
172.117574 59
172.162136 58
172.171106 40
172.210292 9
172.250629 49
172.256436 22
172.317889 32
172.325879 45
172.340833 11
172.356 36
172.393501 43
172.403771 8
172.407632 41
172.447129 34
172.498887 10
172.506905 33
172.548784 46
172.550312 60
172.584403 14
172.635845 18
172.647184 53
172.719475 26
172.765304 38
172.771487 35
172.799381 17
172.861036 39
172.87512 57
172.910165 44
172.977419 56
172.989032 55
173.010538 15
173.024957 31
173.036614 19
173.074393 6
173.07753 21
173.100459 51
173.126492 59
173.180377 48
173.181095 40
173.219916 9
173.327545 32
173.332813 45
173.349735 11
173.362785 36
173.402031 43
173.406595 8
173.414664 41
173.449887 34
173.506685 10
173.513844 33
173.555236 60
173.556458 46
173.592649 14
173.642322 18
173.648302 53
173.727573 26
173.767944 38
173.774856 35
173.809348 17
173.870599 39
173.878833 57
173.913565 44
173.939636 20
173.965138 52
173.984305 16
173.986067 56
173.997746 55
174.013822 15
174.037452 19
174.0824 21
174.089059 29
174.10231 51
174.135472 59
174.172627 58
174.188368 40
174.226518 9
174.332592 32
174.333309 45
174.352534 11
174.407693 43
174.413081 8
174.421117 41
174.459205 34
174.515795 10
174.520845 33
174.556926 60
174.563735 46
174.602209 14
174.648381 53
174.65176 18
174.770462 38
174.783077 35
174.789453 13
174.817087 17
174.872411 39
174.880836 57
174.915012 44
174.987117 56
174.992223 16
175.007619 55
175.01854 15
175.041463 19
175.042688 31
175.047173 37
175.087057 21
175.109227 51
175.13844 59
175.182465 58
175.189019 40
175.191971 48
175.2308 9
175.338565 45
175.37208 36
175.411676 43
175.422192 8
175.428057 41
175.469072 34
175.524814 10
175.528394 33
175.557334 60
175.571165 46
175.608717 14
175.648766 53
175.659886 18
175.771669 38
175.786964 35
175.820187 17
175.880966 39
175.888852 57
175.922166 44
175.948567 20
175.994025 56
176.017097 55
176.021946 15
176.047244 19
176.051767 31
176.089547 21
176.114617 51
176.148122 59
176.191937 58
176.193728 40
176.19586 48
176.239844 9
176.341953 32
176.346048 45
176.37688 36
176.414194 43
176.425871 8
176.437195 41
176.472836 34
176.528889 10
176.532221 33
176.565981 60
176.571607 46
176.616262 14
176.649609 53
176.659894 18
176.772905 38
176.789356 35
176.797568 13
176.822677 17
176.882381 39
176.895342 57
176.930021 44
176.952392 20
176.982824 52
176.996739 16
177.000842 56
177.017052 55
177.026391 15
177.053848 19
177.058401 37
177.059473 31
177.089688 21
177.105805 29
177.121747 51
177.15759 59
177.193536 58
177.198224 48
177.203076 40
177.240861 9
177.342118 32
177.377164 36
177.421778 43
177.426406 8
177.443251 41
177.482948 34
177.536626 10
177.537604 33
177.573072 60
177.574428 46
177.616483 14
177.653626 53
177.663351 18
177.78171 38
177.799408 35
177.825565 17
177.886238 39
177.938609 44
177.984183 52
177.997792 16
178.002349 56
178.017405 55
178.031262 15
178.059263 19
178.068094 31
178.125703 51
178.164037 59
178.19898 58
178.205893 40
178.208308 48
178.249538 9
178.273486 22
178.299545 30
178.337116 12
178.343229 32
178.350823 45
178.384985 36
178.425272 43
178.427033 8
178.446073 41
178.530207 28
178.540057 33
178.574412 46
178.658832 53
178.671079 18
178.785113 38
178.806262 13
178.806804 35
178.82601 17
178.887012 39
178.908566 57
178.945121 44
178.988989 52
178.99857 16
179.008007 56
179.021541 55
179.035553 15
179.065166 19
179.073871 37
179.077784 31
179.118027 29
179.145364 54
179.202166 58
179.208924 40
179.254035 9
179.343576 12
179.345194 32
179.353454 45
179.430537 43
179.452311 41
179.497617 34
179.543434 10
179.548675 33
179.57816 60
179.57879 46
179.628461 14
179.663459 53
179.677618 18
179.790317 38
179.811494 13
179.830514 17
179.894835 39
179.909289 57
179.950779 44
179.979368 27
179.994071 52
180.002948 16
180.011162 56
180.029187 55
180.040119 15
180.072686 19
180.075716 37
180.079935 31
180.105183 21
180.12797 51
180.146714 54
180.175221 59
180.207243 58
180.208873 40
180.219474 48
180.261125 9
180.291763 22
180.304839 30
180.35018 32
180.362891 45
180.378756 11
180.395287 36
180.437846 43
180.452355 41
180.503243 34
180.550621 10
180.5822 60
180.585671 46
180.637593 14
180.664149 53
180.679091 18
180.798236 38
180.815433 35
180.82051 13
180.839291 17
180.899637 39
180.917396 57
180.991776 42
181.011967 56
181.032347 55
181.048682 15
181.063537 24
181.077765 19
181.080277 37
181.081813 31
181.104714 6
181.148216 54
181.180112 59
181.209616 40
181.211589 58
181.355197 32
181.395358 36
181.446681 43
181.455299 41
181.503559 34
181.588523 46
181.590267 60
181.639981 14
181.688223 18
181.801151 38
181.82086 13
181.82341 35
181.847457 17
181.904348 39
182.000367 42
182.010607 16
182.040268 55
182.053431 15
182.148864 54
182.184941 59
182.214691 40
182.21807 58
182.357613 12
182.361953 32
182.399176 47
182.403606 36
182.465413 41
182.504424 34
182.532097 22
182.558019 33
182.594856 60
182.645878 14
182.689177 18
182.804249 38
182.826688 35
182.829022 13
182.849886 17
182.904969 39
182.923906 57
183.007311 42
183.025357 56
183.04831 55
183.059309 15
183.080813 19
183.090834 37
183.093227 31
183.155219 54
183.193341 59
183.214945 40
183.222171 58
183.269121 9
183.381202 11
183.411915 36
183.465579 41
183.506387 34
183.602588 60
183.769519 26
183.805822 38
183.837122 13
183.8937 20
183.909741 39
183.929694 57
184.027016 56
184.05083 55
184.099071 31
184.1004 37
184.164991 54
184.194173 59
184.222767 40
184.226761 58
184.272977 9
184.415586 36
184.459602 8
184.56271 10
184.572111 33
184.609526 60
184.654743 14
184.687996 53
184.707625 18
184.811788 38
184.836324 35
184.844429 13
184.855782 17
184.916252 39
184.931606 57
185.013467 52
185.018818 42
185.027974 56
185.053044 55
185.10844 37
185.202176 59
185.229885 58
185.370869 32
185.377938 12
185.391865 11
185.466247 41
185.579416 33
185.618814 60
185.691402 53
185.710075 18
185.778878 26
185.816351 38
185.852011 13
185.920322 39
185.933214 57
186.021368 42
186.033509 56
186.037612 16
186.054128 55
186.082223 15
186.108932 23
186.114466 37
186.180324 54
186.208714 59
186.234383 40
186.284868 9
186.385984 12
186.396434 11
186.418809 36
186.424306 47
186.474497 8
186.524851 34
186.585715 33
186.626546 60
186.659306 14
186.694411 53
186.713714 18
186.784168 26
186.819388 38
186.845899 35
186.861851 13
186.915306 20
186.929793 39
186.935645 57
187.043286 56
187.060981 55
187.100731 19
187.121742 37
187.208783 59
187.236804 40
187.243092 58
187.245421 51
187.389392 12
187.398134 11
187.421778 36
187.429146 47
187.480831 8
187.531911 34
187.573013 10
187.63382 60
187.721474 18
187.852044 35
187.863682 3
187.869874 17
187.871325 13
187.9396 39
188.030738 42
188.033318 52
188.04759 16
188.069451 55
188.086045 15
188.110754 19
188.126853 37
188.167563 29
188.218923 59
188.241971 40
188.249072 51
188.251679 58
188.300025 9
188.428867 36
188.431485 47
188.485761 43
188.488992 41
188.6127 46
188.639202 60
188.673206 14
188.72966 18
188.792155 26
188.795308 50
188.837302 38
188.854833 35
188.869974 3
188.871735 13
188.873707 17
188.945665 57
188.947729 39
189.038109 42
189.053586 16
189.055577 56
189.07911 55
189.13117 37
189.221647 59
189.242744 40
189.249825 51
189.404569 12
189.440872 47
189.492363 41
189.575334 10
189.596478 28
189.622297 49
189.642661 60
189.706546 45
189.795919 26
189.838996 38
189.862596 35
189.862823 5
189.878463 13
189.882117 17
189.957322 39
189.982075 52
190.040262 42
190.055528 56
190.063091 16
190.089229 55
190.093102 15
190.119111 19
190.126323 23
190.131562 46
190.139698 37
190.229436 59
190.268212 58
190.30386 9
190.401842 32
190.411718 11
190.414476 12
190.445852 36
190.493017 41
190.582613 10
190.65195 60
190.677676 14
190.802033 26
190.845176 38
190.869047 35
190.877888 3
190.882169 13
190.95013 57
190.961056 39
190.985722 52
191.041072 42
191.062498 56
191.069545 16
191.091137 55
191.099346 15
191.147921 37
191.233686 59
191.246792 40
191.312629 9
191.365041 30
191.417477 11
191.449973 47
191.452026 36
191.501483 41
191.502012 43
191.503693 8
191.555207 34
191.583148 10
191.618489 33
191.639273 49
191.660597 60
191.682445 14
191.716692 45
191.755654 18
191.811504 50
191.811626 26
191.848885 38
191.876657 35
191.886286 3
191.891795 13
191.965156 39
191.995137 52
192.070323 16
192.097623 55
192.132913 23
192.151567 37
192.234823 59
192.249396 40
192.282396 58
192.417803 11
192.423611 12
192.457772 36
192.505739 41
192.506822 8
192.585759 10
192.66485 60
192.683704 14
192.721948 45
192.729251 53
192.764847 18
192.813628 50
192.820487 26
192.883504 35
192.896783 13
192.89865 17
192.966419 39
192.968146 57
192.995916 52
193.048307 42
193.07192 56
193.078119 16
193.107436 55
193.134793 31
193.138573 23
193.157654 37
193.237333 59
193.255845 40
193.321805 9
193.372839 30
193.418954 11
193.431139 12
193.461382 36
193.513473 41
193.566275 34
193.592947 10
193.624799 33
193.66776 60
193.726715 45
193.733053 53
193.766412 18
193.821549 50
193.824007 26
193.862741 38
193.891756 35
193.896306 3
193.967528 39
193.97198 57
193.997885 52
194.074984 56
194.080484 16
194.111633 55
194.113166 15
194.16545 37
194.219625 54
194.243902 59
194.266279 51
194.32566 9
194.363391 25
194.422549 32
194.434546 12
194.461168 47
194.465755 36
194.567507 34
194.602026 10
194.63479 33
194.672806 60
194.731147 45
194.772584 18
194.911092 13
194.975047 39
194.980332 57
195.060699 42
195.084039 16
195.118791 55
195.122278 15
195.146085 31
195.152853 23
195.170988 37
195.207745 29
195.247541 59
195.42662 32
195.44244 12
195.464879 47
195.470402 36
195.519451 41
195.5242 43
195.577313 34
195.605674 10
195.640143 33
195.654794 49
195.681362 60
195.737257 45
195.77598 18
195.83239 26
195.870371 38
195.920261 13
195.98403 39
195.988012 57
196.063614 42
196.091011 16
196.119204 55
196.129469 15
196.174999 37
196.253653 59
196.271834 40
196.280723 51
196.332608 9
196.434566 32
196.446214 12
196.478346 36
196.580314 34
196.615639 10
196.646441 33
196.660886 49
196.683753 60
196.74349 45
196.779741 18
196.837624 50
196.878474 38
196.929979 13
196.990083 39
196.991756 57
197.064913 42
197.091148 16
197.119404 55
197.139222 15
197.183528 37
197.260832 59
197.320814 58
197.332954 9
197.379957 25
197.449924 11
197.453467 12
197.478752 36
197.580264 34
197.618768 10
197.689868 60
197.699305 14
197.752316 45
197.788904 18
197.884837 38
197.930542 13
197.999981 39
198.00151 57
198.068012 42
198.101264 16
198.123877 55
198.145741 15
198.155531 31
198.188608 37
198.203499 21
198.220433 29
198.244128 54
198.340289 9
198.442829 32
198.474366 47
198.485169 36
198.536672 41
198.583357 34
198.620157 10
198.651348 33
198.696349 60
198.708681 14
198.798739 18
198.853509 26
198.891139 38
198.915588 3
198.940443 13
199.003484 57
199.00814 39
199.070866 42
199.108846 16
199.128593 55
199.152535 15
199.156768 31
199.193627 37
199.212825 21
199.253045 54
199.280164 59
199.331519 58
199.340391 9
199.450227 32
199.484303 47
199.486155 36
199.532532 43
199.54523 41
199.592309 34
199.605694 22
199.621333 10
199.65313 33
199.697947 60
199.718729 14
199.806284 18
199.847076 50
199.853917 26
199.89973 38
199.912689 5
199.92313 3
199.946835 13
200.009311 39
200.010432 57
200.074696 42
200.113073 16
200.138314 55
200.154202 15
200.157119 31
200.200294 37
200.256654 54
200.28658 59
200.336017 58
200.340859 9
200.465643 12
200.495594 36
200.548875 41
200.597111 34
200.625073 10
200.654363 33
200.67051 30
200.698141 60
200.719988 14
200.814745 18
200.904659 38
200.950633 13
200.971111 20
201.016372 39
201.017654 57
201.078009 42
201.120198 16
201.142084 55
201.154495 15
201.157928 31
201.178145 23
201.207448 37
201.266243 54
201.286863 59
201.347369 9
201.465783 32
201.471281 11
201.490322 47
201.50195 36
201.540834 43
201.55786 41
201.603187 34
201.614846 22
201.625486 10
201.661088 33
201.683446 49
201.703737 60
201.766778 45
201.818385 18
201.859837 50
201.907605 38
201.954797 13
202.017857 57
202.019984 39
202.08715 42
202.12302 16
202.14799 55
202.156192 15
202.166 31
202.211949 37
202.26747 54
202.28797 59
202.309373 51
202.472859 11
202.504553 36
202.547136 43
202.560163 41
202.611444 34
202.633863 10
202.665342 33
202.666034 28
202.692804 49
202.711224 60
202.819888 18
202.912076 38
202.962226 13
203.021326 57
203.024847 39
203.095833 42
203.130908 16
203.152616 55
203.164725 15
203.221057 37
203.273672 54
203.295362 59
203.317479 51
203.355019 9
203.470587 12
203.473405 32
203.501224 47
203.505142 36
203.549607 48
203.68686 30
203.693311 49
203.719353 60
203.734567 14
203.778374 53
203.782447 45
203.880215 57
203.939937 35
203.967366 13
203.995707 20
204.019435 42
204.02736 39
204.033075 52
204.124324 56
204.13434 16
204.153242 55
204.169901 15
204.221834 37
204.275663 54
204.297109 59
204.478872 18
204.480098 12
204.489381 11
204.506402 36
204.561838 41
204.628157 34
204.632892 22
204.642013 10
204.676077 33
204.694216 49
204.72681 60
204.784773 45
204.88643 57
204.920347 38
204.942573 35
205.001607 20
205.021008 42
205.036264 52
205.051735 27
205.080727 44
205.140184 16
205.150594 7
205.154114 55
205.164628 24
205.172118 15
205.227279 37
205.304899 59
205.360838 9
205.385387 54
205.422909 53
205.482285 12
205.483561 32
205.48837 18
205.490074 11
205.513216 36
205.561505 48
205.564974 43
205.568681 8
205.634729 34
205.634737 22
205.651856 10
205.694419 49
205.732375 60
205.741692 14
205.799364 32
205.819223 12
205.880598 50
205.891486 57
205.929243 38
205.94936 35
205.954702 17
205.974077 13
206.026212 42
206.035958 39
206.058095 27
206.086518 34
206.132739 56
206.148651 16
206.154283 55
206.175278 31
206.180803 15
206.194942 19
206.227508 37
206.313207 59
206.325428 40
206.334078 51
206.347441 58
206.38814 54
206.496413 11
206.516857 36
206.572955 43
206.63588 22
206.658983 10
206.684097 33
206.701275 49
206.734644 60
206.745416 17
206.747376 14
206.793515 45
206.807343 11
206.828093 12
206.896847 57
206.900701 39
206.932402 38
206.959533 35
206.977478 13
206.981246 41
207.015762 44
207.035444 42
207.048563 52
207.089093 34
207.138761 55
207.141845 56
207.158187 16
207.179791 31
207.182452 33
207.184179 15
207.191461 15
207.231336 37
207.275811 37
207.285276 60
207.320081 59
207.327635 40
207.350931 58
207.432895 53
207.451559 59
207.474316 40
207.500929 18
207.50265 58
207.52599 36
207.574136 48
207.641204 22
207.683804 38
207.739302 35
207.771949 13
207.798222 45
207.80833 32
207.837757 12
207.890308 50
207.899156 57
207.902024 39
207.983151 41
208.025593 20
208.044036 42
208.069471 27
208.090263 34
208.096999 56
208.138169 16
208.141617 55
208.163597 10
208.198438 15
208.244065 19
208.277564 37
208.291299 60
208.320565 14
208.323089 21
208.397523 54
208.459776 59
208.481955 40
208.508917 58
208.647321 22
208.688855 38
208.713399 49
208.748255 35
208.759795 17
208.802319 45
208.811262 11
208.890448 50
208.903113 57
208.909207 39
208.961582 43
208.985759 41
209.032836 20
209.032846 44
209.045212 42
209.093875 34
209.107112 56
209.143891 55
209.147339 16
209.190777 33
209.201966 15
209.233696 46
209.250853 19
209.283163 37
209.292043 60
209.32515 14
209.353302 51
209.46369 59
209.485688 40
209.516039 58
209.589453 48
209.695707 38
209.72117 49
209.757361 35
209.763078 17
209.852507 12
209.871342 36
209.899224 50
209.904537 57
209.916755 39
209.989557 41
209.995178 8
210.040322 20
210.049074 42
210.066493 52
210.087713 27
210.100111 34
210.115851 56
210.149033 16
210.152239 55
210.169519 10
210.205251 15
210.233832 46
210.296814 60
210.326299 21
210.33239 14
210.464857 59
210.49058 40
210.516723 58
210.580837 9
210.592671 48
210.727507 49
210.766698 17
210.876508 36
210.905101 50
210.906236 57
210.924762 39
210.997077 41
211.040516 20
211.055499 42
211.075847 52
211.115863 56
211.153869 16
211.157444 55
211.192388 33
211.198072 31
211.235982 46
211.260217 19
211.305553 60
211.332848 21
211.340607 14
211.368599 51
211.41204 54
211.456437 53
211.465933 59
211.496114 40
211.519699 18
211.595797 48
211.652856 22
211.699644 38
211.723907 30
211.776023 17
211.813173 45
211.883933 36
211.913876 50
211.930907 39
211.968923 43
212.002125 41
212.044097 20
212.063419 42
212.098357 27
212.108799 34
212.116241 56
212.155898 16
212.183712 10
212.18971 24
212.201616 33
212.203703 31
212.215359 15
212.265266 19
212.297213 37
212.340739 21
212.348244 14
212.350639 29
212.37521 51
212.473876 59
212.500213 40
212.530815 58
212.597947 48
212.789138 13
212.816232 45
212.89209 36
212.931834 39
212.973943 43
213.002597 41
213.069661 42
213.101665 27
213.121196 56
213.160307 16
213.163977 55
213.199767 24
213.210905 33
213.219131 15
213.251452 46
213.317874 60
213.350034 21
213.380265 51
213.415106 54
213.467216 53
213.482184 59
213.505715 40
213.531712 58
213.58505 9
213.654318 22
213.70401 38
213.74197 49
213.783561 35
213.785245 17
213.817124 45
213.832052 32
214.00844 41
214.05846 20
214.061716 44
214.079534 42
214.11132 27
214.126305 56
214.169945 55
214.20604 24
214.258576 46
214.2811 19
214.307831 37
214.355423 21
214.35659 14
214.385045 51
214.417555 54
214.510791 40
214.53624 58
214.539925 18
214.606001 48
214.713485 38
214.786197 35
214.789475 17
214.819572 45
214.838106 32
214.86686 12
214.983679 43
215.009216 41
215.059477 20
215.069847 44
215.083731 42
215.098675 52
215.111943 27
215.134342 56
215.170132 16
215.177957 55
215.20682 24
215.22869 15
215.262405 46
215.359009 14
215.363681 21
215.365645 29
215.425892 54
215.48001 53
215.517393 40
215.537168 58
215.540818 18
215.610714 48
215.655689 22
215.721192 38
215.795779 17
215.820129 45
215.843336 32
215.869597 12
215.942091 39
215.988944 43
216.019086 41
216.078403 44
216.086311 42
216.108273 52
216.126938 34
216.174999 16
216.186061 55
216.219638 33
216.270964 46
216.314695 37
216.327764 60
216.362373 14
216.373525 21
216.387953 51
216.426266 54
216.481096 53
216.490752 59
216.519203 40
216.537363 58
216.544671 18
216.610759 48
216.72606 38
216.843653 32
216.869953 12
216.949517 39
217.020595 41
217.082048 44
217.090875 42
217.118314 27
217.146938 56
217.183101 16
217.18916 55
217.21781 24
217.226059 33
217.280866 46
217.368148 14
217.381753 21
217.389254 51
217.431766 54
217.490974 59
217.491246 53
217.520098 40
217.545401 58
217.553193 18
217.618341 48
217.66063 22
217.728364 38
217.958256 39
218.026132 41
218.074156 20
218.089506 44
218.133642 34
218.155342 56
218.18336 16
218.195982 55
218.223472 24
218.23486 33
218.286403 46
218.32336 37
218.373832 14
218.440409 54
218.497756 59
218.521848 40
218.551119 58
218.554056 18
218.626808 48
218.662841 22
218.728716 38
218.805936 17
218.847126 45
218.858539 32
218.92907 36
218.967941 39
219.03353 41
219.08088 20
219.095958 44
219.106379 42
219.118757 52
219.126059 27
219.156452 56
219.191034 16
219.197097 55
219.22632 24
219.24244 33
219.248602 15
219.295115 46
219.326028 37
219.37973 14
219.44658 54
219.500164 53
219.508628 59
219.524268 40
219.555708 58
219.558306 18
219.634664 48
219.729129 38
219.762969 30
219.81108 17
219.855495 45
219.862457 32
219.881916 12
220.004082 43
220.034795 41
220.096794 44
220.111675 42
220.119658 52
220.164551 56
220.19285 16
220.201844 55
220.230495 24
220.251576 33
220.254999 15
220.302086 46
220.328088 37
220.383765 14
220.405061 21
220.454064 54
220.505523 53
220.51715 59
220.558925 58
220.566493 18
220.63596 48
220.73598 38
220.772315 30
220.859835 45
220.887521 12
220.939738 36
221.041736 41
221.089933 20
221.101446 44
221.11395 42
221.128096 52
221.139846 27
221.15174 34
221.197167 16
221.255128 33
221.259412 15
221.307075 46
221.391066 14
221.410969 51
221.460235 54
221.509967 53
221.520911 59
221.532161 40
221.564613 58
221.568912 18
221.638354 48
221.687539 22
221.744083 38
221.863932 45
221.960444 57
222.050477 41
222.106981 44
222.118849 42
222.128081 52
222.140316 27
222.153429 34
222.197457 16
222.208561 55
222.263337 15
222.341238 37
222.393821 14
222.410558 29
222.419411 51
222.46659 54
222.51914 53
222.53047 59
222.56789 58
222.573253 18
222.747242 38
222.873368 45
222.898456 12
222.94827 36
222.969955 57
223.057754 41
223.12387 42
223.150307 27
223.162807 34
223.179509 56
223.207054 16
223.217732 55
223.264119 15
223.270777 33
223.315648 46
223.346257 37
223.419092 21
223.428799 51
223.526544 53
223.539054 59
223.571076 58
223.58208 18
223.750004 38
223.875328 45
223.949469 36
223.975987 57
223.989938 39
224.124924 42
224.133728 52
224.159657 27
224.185105 56
224.226263 55
224.27439 33
224.324512 46
224.403693 14
224.415547 29
224.435075 51
224.477956 54
224.543913 59
224.581005 58
224.588313 18
224.701161 22
224.752217 38
224.951249 36
225.063701 41
225.113672 44
225.125429 42
225.141922 52
225.173113 34
225.194547 56
225.218893 16
225.228019 55
225.275558 31
225.334038 19
225.356173 37
225.365156 60
225.536865 53
225.544257 59
225.555698 40
225.582421 58
225.592624 18
225.758947 38
225.83719 17
225.858498 13
225.907937 32
225.912763 11
225.953638 36
225.988448 57
226.071252 41
226.122809 44
226.150696 52
226.194619 56
226.227209 16
226.236245 55
226.273026 15
226.290891 28
226.341345 19
226.36226 37
226.419058 14
226.442339 21
226.496189 54
226.559584 40
226.584844 58
226.599895 18
226.633493 9
226.758932 38
226.842732 17
226.994694 57
227.045175 43
227.070562 8
227.071235 41
227.130084 44
227.159745 52
227.195516 56
227.227589 16
227.24209 55
227.24557 10
227.278629 15
227.301063 28
227.367675 37
227.370396 60
227.432294 29
227.442449 21
227.551062 53
227.563774 40
227.591386 58
227.60323 18
227.765478 38
227.845924 17
227.92627 32
228.001245 57
228.050654 43
228.076803 41
228.07717 8
228.132447 44
228.145192 42
228.162415 52
228.199923 56
228.235783 16
228.247234 10
228.247569 55
228.282829 15
228.285248 31
228.296684 33
228.29851 28
228.368788 37
228.437275 29
228.451256 21
228.506822 54
228.561919 59
228.572299 40
228.599607 58
228.60632 18
228.773428 38
228.84643 17
228.871655 35
228.934003 32
229.004622 57
229.05363 43
229.083683 41
229.135633 44
229.148595 42
229.171525 52
229.20207 56
229.244678 16
229.251126 55
229.28773 15
229.291062 31
229.44032 14
229.444577 29
229.453166 21
229.510125 54
229.564765 59
229.567792 53
229.645914 9
229.778663 38
229.854932 17
230.002395 39
230.008183 57
230.060694 43
230.09218 41
230.136012 44
230.153922 42
230.180634 52
230.20547 56
230.249483 16
230.251784 55
230.350919 19
230.356274 46
230.451573 29
230.459349 21
230.519776 54
230.569045 59
230.574402 53
230.611288 58
230.62367 18
230.858917 17
230.937323 32
230.93936 11
231.003474 39
231.061809 43
231.094085 41
231.139686 44
231.182359 52
231.200214 34
231.212988 56
231.245926 7
231.251695 16
231.255402 55
231.295642 15
231.307206 31
231.310087 33
231.319505 28
231.354075 19
231.361415 46
231.464158 21
231.520393 54
231.576496 53
231.618136 58
231.785133 38
231.866076 17
231.939776 32
231.943288 11
232.004096 39
232.062252 43
232.09416 41
232.142842 44
232.160058 42
232.22185 56
232.252687 16
232.259141 55
232.299902 15
232.311136 33
232.312806 31
232.367502 46
232.399778 60
232.458104 14
232.464221 29
232.466556 21
232.525466 54
232.5792 53
232.589 40
232.626936 58
233.067272 43
233.147371 44
233.165293 42
233.225768 56
233.257401 16
233.264834 55
233.316764 33
233.363684 19
233.458111 14
233.467799 29
233.47106 21
233.526755 54
233.580013 53
233.592977 40
234.07153 43
234.152449 44
234.172695 42
234.233531 56
234.263733 16
234.270619 55
234.346848 28
234.364338 19
234.395881 37
234.471292 21
234.472568 29
234.532621 54
234.586684 53
234.600189 40
234.651136 18
235.078259 43
235.114586 41
235.153072 44
235.173016 42
235.280737 55
235.348475 28
235.373079 19
235.473278 29
235.475827 21
235.53449 54
235.588717 53
235.659659 18
235.956303 32
236.083158 43
236.115454 41
236.173033 42
236.280998 55
236.373519 19
236.479202 21
236.544476 54
236.595022 53
236.66458 18
236.895708 17
237.087293 43
237.116688 41
237.162253 44
237.181167 42
237.246292 56
237.290902 55
237.367477 28
237.381985 19
237.487208 29
237.487887 21
237.548267 54
237.602212 53
237.666694 18
237.882365 30
237.977292 11
238.022409 36
238.089781 43
238.124117 41
238.170749 44
238.181702 42
238.295893 55
238.372736 28
238.384287 19
238.426179 37
238.492391 21
238.548732 54
238.607327 53
238.67366 18
239.17305 44
239.189287 42
239.253487 56
239.301037 55
239.385277 19
239.435074 37
239.491282 29
239.558718 54
239.616195 53
239.682213 18
239.849132 38
240.053195 39
240.096923 43
240.138731 41
240.174039 44
240.189303 42
240.256917 56
240.309903 55
240.375046 28
240.385931 19
240.498562 21
240.568063 54
240.620578 53
241.054243 39
241.103408 43
241.146007 41
241.174693 44
241.19881 42
241.316695 55
241.38982 19
241.502821 21
241.57158 54
241.621085 53
242.111968 43
242.151941 41
242.178581 44
242.200963 42
242.324828 55
242.384312 28
242.392641 19
242.511384 21
242.512301 29
242.573936 54
242.621683 53
242.657084 58
243.060613 39
243.121109 43
243.160164 41
243.181401 44
243.274834 56
243.334641 55
243.388351 28
243.399551 19
243.514759 21
243.581787 54
243.927207 17
244.070787 39
244.166311 41
244.282353 56
244.34125 55
244.352344 15
244.3883 28
244.582831 54
244.632188 53
244.663639 58
245.072659 39
245.127762 43
245.172641 41
245.189452 44
245.221672 42
245.290727 56
245.34502 55
245.586378 54
245.63657 53
245.709634 18
245.875227 38
246.080513 39
246.135682 43
246.175218 41
246.189618 44
246.227303 42
246.2944 56
246.646022 40
246.8851 38
247.029766 32
247.089404 39
247.140915 43
247.175446 41
247.194055 44
247.357077 55
247.643321 53
247.650548 40
247.679055 58
248.150117 43
248.180525 41
248.197943 44
248.306173 56
248.360054 55
249.158067 43
249.19994 44
249.900894 38
250.160951 43
250.322492 56
250.370951 55
250.42485 19
250.672549 40
251.16527 43
251.328466 16
251.679547 40
