Timestamp Beacon
0.00139 26
0.028214 31
0.060753 21
0.065154 48
0.120977 56
0.133653 9
0.148969 34
0.156661 25
0.1614 49
0.176858 6
0.184461 24
0.195758 7
0.221549 53
0.247521 36
0.254944 52
0.268005 17
0.27799 2
0.278832 30
0.412694 4
0.477757 28
0.521271 33
0.550103 10
0.561648 27
0.586805 43
0.681191 8
0.69095 14
0.74976 32
0.779559 3
0.78817 1
0.79068 42
0.827819 50
0.88106 55
1.006406 26
1.035859 31
1.070781 21
1.127794 56
1.143368 9
1.158969 25
1.198883 7
1.223582 53
1.253725 36
1.264725 52
1.284752 2
1.286591 30
1.339848 45
1.42022 4
1.483199 28
1.553507 10
1.563858 27
1.687555 8
1.694467 14
1.784783 3
1.797106 42
1.79828 1
1.83687 50
1.888127 55
2.012856 26
2.044969 31
2.069698 48
2.076689 21
2.134397 56
2.148597 9
2.159641 34
2.161369 25
2.169588 49
2.184294 6
2.197011 54
2.201219 24
2.260326 36
2.289376 30
2.290874 2
2.346508 45
2.421491 4
2.486262 28
2.523861 44
2.555601 58
2.570217 27
2.598341 43
2.690776 8
2.699022 14
2.759046 11
2.787016 3
2.797183 42
2.838627 50
2.890921 55
3.014515 26
3.048555 31
3.075632 48
3.08214 21
3.140756 56
3.151568 9
3.164779 34
3.169323 25
3.179403 49
3.185127 6
3.197995 54
3.208002 7
3.209659 24
3.2325 53
3.262533 36
3.280442 52
3.285516 17
3.289811 30
3.300291 2
3.350208 45
3.421693 4
3.490086 28
3.527108 44
3.561597 10
3.565225 58
3.574441 27
3.607695 43
3.691129 8
3.796481 3
3.798238 42
3.805286 1
3.839103 50
3.842914 46
3.847699 20
3.898018 55
3.993104 35
4.020904 26
4.053179 31
4.08297 48
4.140982 56
4.151823 9
4.166957 34
4.169769 25
4.182902 49
4.194659 6
4.20795 54
4.216101 7
4.21935 24
4.271209 36
4.282747 52
4.29049 30
4.306259 2
4.429128 4
4.482959 59
4.493789 28
4.535024 44
4.616256 43
4.696029 8
4.713289 14
4.768275 11
4.797342 3
4.798407 42
4.80917 1
4.841654 50
4.855246 20
4.903925 55
5.000501 35
5.06296 31
5.083289 48
5.085163 38
5.096306 21
5.141482 56
5.159066 9
5.193503 57
5.197995 6
5.211833 54
5.225482 7
5.227057 24
5.241907 53
5.282977 52
5.297242 30
5.310122 2
5.3584 45
5.435098 4
5.486812 59
5.495844 28
5.538516 44
5.565811 10
5.578524 58
5.584536 27
5.619201 43
5.697877 8
5.722207 14
5.772752 11
5.800072 42
5.800917 3
5.817266 1
5.85936 46
5.863588 20
5.904918 55
6.005487 35
6.037069 26
6.067217 31
6.098399 21
6.14424 56
6.162128 9
6.182624 25
6.190113 49
6.215075 54
6.230377 7
6.233635 24
6.246533 53
6.280352 36
6.291506 52
6.306954 30
6.313406 2
6.367837 45
6.436064 4
6.490971 59
6.559551 33
6.701891 8
6.775826 11
6.808552 3
6.821821 1
6.847733 50
7.013341 35
7.044892 26
7.070071 31
7.093113 48
7.098753 21
7.145992 56
7.184781 34
7.190608 25
7.193276 49
7.202196 6
7.222009 54
7.233746 7
7.248353 53
7.288204 36
7.295019 17
7.296222 52
7.310441 30
7.31913 2
7.37056 45
7.444261 4
7.498699 59
7.507339 28
7.578233 10
7.58633 27
7.590358 58
7.597834 13
7.633606 43
7.702427 8
7.783935 11
7.8146 3
7.826163 1
7.856844 50
7.86959 20
7.91606 55
8.013628 35
8.052441 26
8.07918 31
8.102495 21
8.15589 56
8.173837 9
8.195815 25
8.197691 49
8.208889 6
8.234096 24
8.288854 36
8.300327 52
8.313378 30
8.323207 2
8.37841 45
8.44956 4
8.501454 59
8.513483 28
8.559244 44
8.585727 10
8.591255 27
8.633927 43
8.702443 8
8.78135 32
8.784353 11
8.819152 3
8.827484 1
8.860921 50
8.923309 55
9.015349 35
9.056816 26
9.086673 31
9.108481 38
9.111821 21
9.136555 18
9.162158 56
9.180683 9
9.194995 34
9.199649 25
9.200671 49
9.214942 6
9.235022 7
9.255541 16
9.263282 53
9.304096 52
9.320191 30
9.323897 2
9.383452 45
9.451227 4
9.522251 28
9.566703 44
9.582048 33
9.586872 10
9.595722 27
9.600849 58
9.734048 14
9.785932 11
9.786733 32
9.823765 3
9.828317 1
9.862374 50
9.886914 20
9.930131 55
10.022655 35
10.087055 31
10.140988 18
10.172271 56
10.184112 9
10.204001 25
10.215837 6
10.22493 54
10.236713 7
10.250349 37
10.261903 16
10.291435 36
10.306614 52
10.327339 30
10.328461 2
10.392339 45
10.452254 4
10.5145 59
10.523086 28
10.567692 44
10.590337 10
10.602509 58
10.603638 27
10.645769 43
10.718132 8
10.786442 11
10.824201 42
10.828074 3
10.834373 15
10.86587 50
10.883418 46
10.895347 20
10.931002 55
11.029136 35
11.071028 26
11.093509 31
11.112114 38
11.113583 48
11.177867 56
11.184977 9
11.204751 34
11.209788 25
11.214138 49
11.218684 6
11.221183 57
11.228843 54
11.238725 24
11.242817 41
11.243408 7
11.257229 37
11.266679 16
11.29233 36
11.311238 52
11.331314 30
11.332995 2
11.459871 4
11.568254 44
11.595377 33
11.599203 10
11.607892 58
11.613202 27
11.647493 43
11.722085 8
11.793818 11
11.799147 32
11.830596 42
11.835827 15
11.836898 3
11.838435 1
11.866559 50
11.885233 46
11.899752 20
11.936909 55
12.031833 35
12.072656 26
12.099872 31
12.116831 48
12.121742 38
12.124876 21
12.153333 18
12.186729 56
12.189809 9
12.205281 34
12.215195 49
12.215788 25
12.226537 6
12.238859 54
12.250103 7
12.257426 37
12.281374 53
12.314305 52
12.46282 4
12.524709 59
12.530858 28
12.600638 33
12.608557 10
12.613489 58
12.621545 27
12.656999 43
12.727992 8
12.743592 14
12.804439 32
12.840718 3
12.848392 1
12.868988 50
12.946721 55
13.034836 35
13.075475 26
13.102665 31
13.124352 38
13.133713 21
13.162161 18
13.194705 56
13.198212 9
13.221423 25
13.223454 49
13.231155 6
13.247991 54
13.248586 24
13.250169 41
13.259484 7
13.278488 16
13.290487 53
13.309503 17
13.315175 52
13.334778 30
13.335411 2
13.416773 45
13.465067 4
13.532956 59
13.537856 28
13.577923 44
13.609378 33
13.627569 27
13.629043 13
13.733715 8
13.753152 14
13.802498 11
13.810798 32
13.84762 3
13.851696 1
13.874011 50
13.908347 20
13.952505 55
14.081558 26
14.10616 31
14.126746 48
14.1316 38
14.143222 21
14.16458 18
14.205638 34
14.208079 9
14.223731 25
14.228143 49
14.238272 57
14.250647 24
14.255736 41
14.2674 7
14.286895 16
14.294106 53
14.303031 39
14.30786 36
14.317632 52
14.343818 30
14.34547 2
14.41852 45
14.467344 4
14.545678 28
14.611954 33
14.61928 58
14.621285 10
14.62982 13
14.630877 27
14.662615 43
14.762436 14
14.813648 32
14.855926 3
14.857625 1
14.880224 50
14.91086 20
15.039773 35
15.087611 26
15.10709 31
15.136621 38
15.166481 18
15.201869 56
15.214162 34
15.217397 9
15.225977 25
15.241802 57
15.243656 6
15.258557 41
15.262836 54
15.271043 7
15.29161 16
15.311775 36
15.313812 17
15.352035 30
15.42466 45
15.467516 4
15.548108 59
15.551273 28
15.594396 44
15.613675 33
15.621882 10
15.626921 58
15.636016 27
15.663608 43
15.748732 8
15.815969 11
15.823303 32
15.854982 42
15.858098 3
15.860255 15
15.918866 20
15.963891 55
16.047566 35
16.112538 31
16.141306 38
16.155404 21
16.175369 18
16.206824 56
16.221284 34
16.224456 9
16.246034 57
16.24864 6
16.262416 41
16.264674 54
16.276342 37
16.280608 7
16.294493 16
16.318255 17
16.31923 36
16.327978 52
16.358596 2
16.359244 30
16.471899 4
16.548269 59
16.555739 28
16.601732 44
16.620858 33
16.627879 10
16.629741 58
16.639155 13
16.643352 27
16.668903 43
16.755005 8
16.771698 14
16.825299 32
16.860798 42
16.861945 1
16.862467 3
16.869337 15
16.880839 50
16.909991 46
16.919883 20
17.052674 35
17.092577 26
17.116979 31
17.177269 18
17.211627 56
17.22279 34
17.229075 9
17.248312 57
17.250878 6
17.266603 54
17.286204 7
17.301221 16
17.320428 39
17.328161 17
17.336142 52
17.366331 30
17.434866 45
17.479883 4
17.558103 59
17.562401 28
17.625234 33
17.629875 58
17.637691 10
17.643289 13
17.651877 27
17.670414 43
17.756822 8
17.819613 11
17.832757 32
17.865311 3
17.867141 1
17.875368 15
17.883329 50
17.923738 20
17.982478 55
18.057935 35
18.102383 26
18.121572 31
18.179535 18
18.21466 56
18.225486 34
18.229604 9
18.253002 49
18.254397 6
18.269845 54
18.277975 41
18.288303 37
18.288993 7
18.328586 36
18.33828 17
18.345221 52
18.363546 2
18.368994 30
18.480787 4
18.563268 59
18.572451 28
18.625796 33
18.629978 58
18.638898 10
18.646934 13
18.654941 27
18.675647 43
18.757083 8
18.782363 14
18.823724 11
18.836888 32
18.868246 42
18.872154 1
18.877401 15
18.884507 50
18.987805 55
19.058923 35
19.107429 26
19.122899 31
19.222148 56
19.234558 9
19.259828 57
19.260784 6
19.276261 54
19.284092 41
19.294041 7
19.308087 16
19.324716 53
19.332776 36
19.341655 17
19.366523 2
19.373976 30
19.487947 4
19.565717 59
19.57359 28
19.634993 33
19.641508 10
19.651067 13
19.658584 27
19.68375 43
19.762135 8
19.788199 14
19.829575 11
19.8416 32
19.870917 42
19.873286 3
19.879975 1
19.933005 20
19.99307 55
20.068425 35
20.113177 26
20.147381 38
20.193345 18
20.222801 56
20.243876 9
20.257069 49
20.266501 6
20.281394 54
20.294084 41
20.300736 7
20.309383 16
20.332242 53
20.333126 39
20.338614 36
20.342161 17
20.357946 52
20.366541 2
20.377737 30
20.492757 4
20.579277 28
20.620581 44
20.639613 33
20.641355 58
20.655506 13
20.662503 27
20.68459 43
20.770269 8
20.794585 14
20.839636 11
20.841703 32
20.879081 42
20.882669 1
20.891568 15
20.940248 20
20.999068 55
21.117918 26
21.134557 31
21.198297 18
21.231021 56
21.241355 34
21.252675 9
21.273998 57
21.276581 6
21.303833 41
21.307797 7
21.336616 39
21.344086 36
21.344621 17
21.362082 52
21.373883 2
21.384946 30
21.502023 4
21.571775 59
21.58185 28
21.626117 44
21.640327 33
21.644226 10
21.649117 58
21.670296 27
21.691228 43
21.775778 8
21.796576 14
21.845225 32
21.84805 11
21.883461 42
21.892046 1
21.893143 15
21.940838 20
22.002198 55
22.124032 26
22.142385 31
22.152906 38
22.185847 21
22.201632 18
22.236464 56
22.249453 34
22.260406 9
22.282074 57
22.286265 6
22.299291 54
22.309366 7
22.310254 41
22.339054 53
22.339923 39
22.346414 36
22.349369 17
22.371497 52
22.382811 2
22.392613 30
22.45971 45
22.508176 4
22.634887 44
22.650501 33
22.653733 10
22.664291 13
22.674275 27
22.699116 43
22.777961 8
22.805891 14
22.852527 11
22.854758 32
22.890008 42
22.897801 15
22.89831 1
22.944266 20
23.007829 55
23.129384 26
23.153105 38
23.203654 18
23.243464 56
23.253034 34
23.268473 9
23.270164 25
23.279771 49
23.287649 57
23.288441 6
23.316798 41
23.318716 7
23.334574 16
23.343871 39
23.34542 53
23.348345 36
23.355003 17
23.373465 52
23.38466 2
23.396435 30
23.513413 4
23.585706 59
23.586661 28
23.637799 44
23.651947 33
23.655885 58
23.667265 13
23.788048 8
23.853617 11
23.864627 32
23.892283 42
23.89476 3
23.902275 15
23.905917 1
23.944307 20
24.009494 55
24.077963 35
24.131286 26
24.15981 31
24.160902 38
24.194275 21
24.205402 18
24.248389 56
24.260888 34
24.276997 9
24.288336 49
24.297648 57
24.31084 54
24.314143 37
24.323189 41
24.326235 7
24.341241 16
24.348216 53
24.35026 39
24.352504 36
24.379035 52
24.385623 2
24.406055 30
24.469337 45
24.522374 4
24.590547 28
24.643853 44
24.658093 33
24.661604 58
24.6682 10
24.669903 13
24.790049 8
24.817929 14
24.861298 11
24.865615 32
24.902943 3
24.903789 15
24.90736 1
24.920745 50
24.952831 20
25.017719 55
25.084902 35
25.135264 26
25.167784 38
25.2066 18
25.258532 56
25.269809 34
25.278442 9
25.292336 6
25.300079 57
25.315363 54
25.318398 37
25.328757 41
25.33113 7
25.341408 16
25.351713 53
25.355611 39
25.360784 36
25.387595 52
25.391958 2
25.409206 30
25.526787 4
25.646674 44
25.665276 33
25.666773 58
25.679468 13
25.69021 27
25.794338 8
25.822972 14
25.86486 11
25.868129 32
25.905084 3
25.916126 1
26.017889 55
26.087355 35
26.140646 26
26.171645 38
26.175557 31
26.212528 18
26.265135 56
26.274031 34
26.280566 25
26.281077 9
26.295672 6
26.297712 49
26.303121 57
26.311029 24
26.333126 7
26.345146 16
26.364289 39
26.367079 36
26.394417 2
26.410984 30
26.533885 4
26.603489 59
26.675787 58
26.683155 10
26.688118 13
26.69071 27
26.801251 8
26.826459 14
26.87046 32
26.871717 11
26.9017 42
26.908844 3
26.912829 15
26.917111 1
26.963044 20
27.018302 55
27.174255 38
27.177525 31
27.216698 21
27.21928 18
27.26948 56
27.277276 34
27.283131 9
27.296566 6
27.306253 57
27.318488 37
27.330483 54
27.343004 41
27.358098 53
27.370464 39
27.395316 52
27.540008 4
27.60902 59
27.67418 33
27.685534 58
27.688633 10
27.809049 8
27.873341 32
27.874027 11
27.902723 42
27.917301 3
28.024361 55
28.095678 35
28.156689 26
28.177968 31
28.179427 38
28.227864 18
28.278554 56
28.291473 9
28.305792 6
28.314452 57
28.323293 37
28.331863 54
28.343078 41
28.355002 16
28.362541 53
28.376496 36
28.378562 39
28.385457 17
28.404431 2
28.415179 30
28.610005 59
28.679594 33
28.685972 58
28.694035 13
28.696096 10
28.81285 8
28.844356 14
28.881012 32
28.882349 11
28.918772 3
28.929803 15
28.973104 20
29.027521 55
29.101915 35
29.157279 26
29.232298 21
29.233975 18
29.286561 56
29.300821 9
29.308579 6
29.333285 37
29.338736 54
29.345338 7
29.367137 53
29.381266 36
29.384188 39
29.410697 52
29.55509 4
29.611111 59
29.618672 28
29.68104 33
29.68922 58
29.701239 10
29.701769 13
29.710368 27
29.813965 8
29.853244 14
29.883465 32
29.88878 11
29.940883 50
30.030558 55
30.104338 35
30.166597 26
30.188034 38
30.191456 31
30.23253 21
30.240483 18
30.28996 56
30.295427 34
30.300813 25
30.306172 9
30.310816 6
30.341539 37
30.347425 7
30.35699 41
30.368468 53
30.385145 39
30.38753 36
30.415408 30
30.613651 59
30.622375 28
30.691092 33
30.695121 58
30.706626 10
30.70929 13
30.821122 8
30.855539 14
30.893531 11
30.919098 42
30.934986 3
30.943146 15
31.106577 35
31.188416 38
31.240857 18
31.291192 56
31.300083 34
31.30902 9
31.317906 6
31.323271 57
31.342102 37
31.350977 7
31.364324 16
31.364907 41
31.387814 36
31.394036 39
31.396589 17
31.416941 30
31.558424 4
31.622448 59
31.694003 33
31.697238 58
31.713233 10
31.827578 8
31.863573 14
31.893492 11
31.902348 32
31.923387 42
31.950794 15
31.985067 20
32.040265 55
32.114309 35
32.191026 38
32.209004 31
32.24233 18
32.247824 21
32.295995 56
32.306251 34
32.315317 9
32.333422 57
32.344832 37
32.348094 54
32.370932 41
32.374104 16
32.380132 53
32.394933 36
32.39658 39
32.430579 52
32.629993 59
32.701156 58
32.703017 33
32.716423 10
32.717709 13
32.740317 43
32.837542 8
32.867029 14
32.904008 32
32.925356 42
32.991119 20
33.114779 35
33.197572 38
33.248472 18
33.30929 34
33.325036 6
33.340706 57
33.348996 37
33.361376 7
33.378665 16
33.396652 39
33.401564 36
33.408374 17
33.436545 52
33.64001 59
33.701473 58
33.711939 33
33.717281 27
33.726205 10
33.72764 13
33.838505 8
33.873963 14
33.902293 11
33.930499 42
33.946414 3
33.95901 15
33.99412 46
34.124799 35
34.18791 26
34.20479 38
34.222309 31
34.25025 18
34.307797 56
34.316589 9
34.317723 34
34.344388 57
34.356303 37
34.359918 54
34.382463 41
34.386767 16
34.4042 39
34.404869 36
34.432008 30
34.43957 2
34.645298 59
34.705116 58
34.713036 44
34.717292 33
34.733545 10
34.736747 13
34.748831 43
34.843526 8
34.88047 14
34.908174 11
34.921548 32
34.940341 42
34.960616 15
34.995259 20
35.053681 55
35.127619 35
35.189233 26
35.208162 38
35.229099 31
35.259016 18
35.316475 56
35.321329 9
35.33421 6
35.351152 57
35.361536 37
35.363861 54
35.376475 7
35.386413 41
35.390078 16
35.404791 39
35.407929 36
35.416009 17
35.526781 45
35.650981 59
35.707478 58
35.714574 44
35.723315 33
35.723835 27
35.736612 10
35.746832 13
35.758917 43
35.884964 14
35.909782 11
35.928426 32
35.957563 3
35.965365 15
36.011024 46
36.057817 55
36.1294 35
36.208849 38
36.236561 31
36.266542 21
36.318348 56
36.322865 9
36.328394 34
36.362557 37
36.380851 7
36.39021 41
36.394914 16
36.410112 39
36.416086 36
36.421123 17
36.454047 52
36.529687 45
36.576615 4
36.654498 59
36.714508 58
36.71596 44
36.726837 33
36.744441 10
36.752033 13
36.763693 43
36.852439 8
36.894004 14
36.912062 11
36.930452 32
36.956226 1
37.062686 55
37.129839 35
37.209811 38
37.245822 31
37.321533 56
37.328765 9
37.331975 34
37.344819 6
37.361385 57
37.36965 37
37.399262 16
37.410367 39
37.422656 36
37.423186 17
37.461562 52
37.579624 4
37.656245 59
37.662299 28
37.714703 58
37.71881 44
37.732525 27
37.75641 13
37.771185 43
37.855019 8
37.900969 14
37.916844 11
37.934583 32
37.957973 1
37.959463 42
37.965829 15
37.967094 3
38.072895 55
38.219592 38
38.245838 31
38.271583 21
38.32426 56
38.33342 34
38.334909 9
38.34727 6
38.365189 57
38.378041 54
38.390732 7
38.396462 41
38.399795 16
38.413887 39
38.423118 53
38.424089 17
38.42532 36
38.458769 30
38.589775 4
38.657931 59
38.720501 44
38.724205 58
38.738641 27
38.741814 33
38.748135 10
38.765518 13
38.776358 43
38.90412 14
38.926295 11
38.9367 32
38.96485 42
38.971524 15
38.972775 3
39.029284 46
39.082555 55
39.138346 35
39.226077 38
39.24982 31
39.289473 18
39.32769 56
39.3568 6
39.367712 57
39.37926 37
39.386349 54
39.39584 7
39.399191 41
39.409423 16
39.416156 39
39.467056 52
39.596934 4
39.727452 58
39.748966 33
39.752943 10
39.768125 13
39.782568 43
39.869792 8
39.934831 11
39.943639 32
39.972977 15
40.030274 46
40.092184 55
40.148092 35
40.234057 38
40.255756 31
40.294607 18
40.333133 56
40.343145 34
40.346251 9
40.35684 6
40.37472 57
40.389346 54
40.401101 7
40.405552 41
40.416182 16
40.417877 39
40.431547 53
40.434889 36
40.438864 17
40.473676 30
40.604827 4
40.668444 59
40.732255 58
40.739232 44
40.742235 27
40.752853 33
40.759306 10
40.7718 13
40.879757 8
40.911123 14
40.943458 11
40.944811 32
40.971443 42
40.982303 15
41.094397 55
41.152651 35
41.234439 38
41.255741 31
41.292175 21
41.342818 56
41.347482 9
41.350205 34
41.357765 6
41.368309 25
41.375229 57
41.38295 37
41.390024 54
41.400572 24
41.401693 7
41.417826 39
41.441551 36
41.442666 17
41.473739 52
41.48058 30
41.67544 59
41.690322 28
41.741818 58
41.747342 27
41.75978 10
41.762203 33
41.775781 13
41.919248 14
41.945768 32
41.97448 42
41.986839 15
42.024992 20
42.045316 46
42.15608 35
42.244464 38
42.287032 48
42.344813 56
42.347492 9
42.351192 34
42.368358 25
42.384093 37
42.385289 57
42.405367 7
42.413207 41
42.419394 39
42.430645 16
42.442445 36
42.445286 53
42.482825 52
42.485043 30
42.680849 59
42.696343 28
42.746336 44
42.747322 58
42.748209 27
42.76715 10
42.7696 33
42.785651 13
42.795645 43
42.923131 14
42.947703 32
42.949269 11
42.987071 15
43.016275 50
43.050945 46
43.107247 55
43.165521 35
43.251865 38
43.272311 31
43.305282 18
43.352148 56
43.357 34
43.357603 9
43.38891 57
43.389569 37
43.402427 54
43.413038 7
43.422517 39
43.448068 36
43.461195 17
43.487369 30
43.491324 52
43.683389 59
43.750387 27
43.769764 33
43.773788 10
43.787923 13
43.889327 8
43.932598 14
43.952678 11
43.956472 32
43.984858 42
43.99008 15
44.035418 20
44.107721 55
44.167546 35
44.259723 38
44.274279 31
44.30767 18
44.35515 56
44.36152 9
44.36641 34
44.375249 6
44.398451 57
44.40869 54
44.414485 7
44.427929 39
44.440256 16
44.457263 36
44.462068 17
44.496165 30
44.498582 2
44.691483 59
44.758179 58
44.777222 10
44.779847 33
44.790988 13
44.897827 8
44.936969 14
44.959841 32
44.960939 11
44.99727 15
45.035916 20
45.117198 55
45.173906 35
45.250616 26
45.275027 31
45.309885 21
45.312591 18
45.360075 56
45.371234 9
45.373073 34
45.389725 49
45.399728 37
45.414678 54
45.423224 7
45.4264 41
45.431602 39
45.446985 16
45.462703 36
45.471424 17
45.498888 30
45.574423 45
45.699639 59
45.762364 44
45.76286 58
45.780931 10
45.782086 33
45.793809 13
45.81394 43
45.899705 8
45.945643 14
45.961448 11
45.964217 32
45.994442 42
46.00678 15
46.013764 3
46.039703 50
46.045478 20
46.179959 35
46.263386 38
46.285205 31
46.314358 21
46.32038 18
46.365762 56
46.379789 9
46.382421 34
46.390008 6
46.406791 37
46.408928 57
46.422802 54
46.425342 7
46.431723 41
46.439731 39
46.450784 16
46.466619 36
46.474716 53
46.475378 17
46.500177 30
46.506856 2
46.643024 4
46.704529 59
46.722688 28
46.770226 58
46.772263 44
46.782739 33
46.784762 10
46.801451 13
46.947054 14
46.964412 32
47.000866 42
47.014459 15
47.021123 3
47.046861 50
47.048235 20
47.064824 46
47.126965 55
47.191811 35
47.267521 38
47.286075 31
47.313252 48
47.318252 21
47.322464 18
47.368734 56
47.384263 34
47.391574 6
47.393292 25
47.396111 49
47.408918 57
47.413183 37
47.432025 54
47.432708 7
47.433902 41
47.44911 39
47.456871 16
47.473585 36
47.479129 53
47.485498 17
47.512655 52
47.515388 2
47.588717 45
47.714668 59
47.771672 58
47.778897 44
47.791034 10
47.792699 33
47.803082 13
47.828466 43
47.910998 8
47.950571 14
47.972693 32
47.973729 11
48.006009 42
48.02055 15
48.05167 50
48.069324 46
48.127013 55
48.194806 35
48.273077 26
48.274525 38
48.29323 31
48.321444 21
48.322114 48
48.327202 18
48.371522 56
48.389544 9
48.398297 6
48.41434 57
48.430962 24
48.434809 54
48.439653 41
48.44218 7
48.453973 39
48.464362 16
48.483664 36
48.487784 53
48.491985 17
48.506967 30
48.51618 52
48.597818 45
48.644252 4
48.715286 59
48.728964 28
48.771989 58
48.776415 27
48.784464 44
48.791172 10
48.797197 33
48.805171 13
48.829946 43
48.916477 8
48.955186 14
48.974414 32
48.976497 11
49.013777 42
49.021545 15
49.031417 3
49.057593 20
49.076967 46
49.131759 55
49.198182 35
49.277928 38
49.280351 26
49.295657 31
49.329304 21
49.332137 48
49.333466 18
49.394537 34
49.395657 9
49.401908 6
49.407031 25
49.417839 57
49.42203 37
49.436036 54
49.438394 24
49.444122 41
49.448753 7
49.457371 39
49.464652 16
49.488168 53
49.489196 36
49.499357 17
49.515793 30
49.516836 52
49.65132 4
49.723625 59
49.738343 28
49.77255 58
49.781859 27
49.787711 44
49.80023 33
49.80135 10
49.958367 14
49.980743 32
50.008089 1
50.013793 42
50.031634 15
50.034535 3
50.140381 55
50.202191 35
50.282246 38
50.285488 26
50.297228 31
50.341183 48
50.343177 18
50.385887 56
50.405396 6
50.409034 25
50.418011 57
50.422502 37
50.444776 41
50.448359 24
50.456791 7
50.457992 39
50.474401 16
50.493051 36
50.494565 53
50.499955 17
50.520483 52
50.523185 30
50.65137 4
50.725311 59
50.745036 28
50.772775 58
50.787547 27
50.800516 33
50.809728 10
50.844778 43
50.921697 8
50.966461 14
50.980785 32
50.98304 11
51.017257 42
51.036462 3
51.037726 15
51.070918 20
51.086394 46
51.143602 55
51.147813 49
51.206627 35
51.285009 38
51.304445 31
51.350657 48
51.352798 18
51.388462 56
51.398281 34
51.408067 9
51.409281 6
51.429321 37
51.444106 54
51.445338 41
51.451885 24
51.458614 39
51.464188 7
51.475331 16
51.494766 53
51.499498 36
51.506382 17
51.524221 52
51.531097 30
51.537979 2
51.610135 45
51.655234 4
51.726265 59
51.745778 28
51.772726 58
51.7957 44
51.797049 27
51.811453 10
51.813603 13
51.851079 43
51.92562 8
51.96714 14
51.986412 32
51.99008 11
52.020173 42
52.043969 15
52.071485 50
52.075689 20
52.094617 46
52.144808 55
52.209416 35
52.30852 31
52.354545 18
52.356987 48
52.389084 56
52.404486 34
52.412855 25
52.415975 6
52.430533 57
52.432051 37
52.445578 54
52.454221 24
52.455178 41
52.460334 39
52.481602 16
52.496463 53
52.502437 36
52.508506 17
52.525519 52
52.534247 30
52.544161 2
52.662912 4
52.732986 59
52.749297 28
52.779055 58
52.798892 27
52.809115 33
52.813208 10
52.815814 13
52.858541 43
52.929665 8
52.969284 14
52.992679 32
52.993763 11
53.025346 42
53.049847 15
53.075653 50
53.082229 20
53.099147 46
53.144764 55
53.214554 35
53.287726 38
53.308535 31
53.362006 48
53.398189 56
53.419409 9
53.42148 25
53.436107 57
53.441891 37
53.454648 54
53.455374 41
53.458266 24
53.466997 39
53.482318 16
53.497977 53
53.503453 36
53.516 17
53.535902 30
53.549397 2
53.665494 4
53.741446 59
53.756356 28
53.786512 58
53.803145 27
53.810744 33
53.817405 10
53.865423 43
53.936121 8
53.970115 14
53.996841 32
54.001048 11
54.034456 42
54.051484 15
54.075914 50
54.086695 20
54.1038 46
54.154088 55
54.21719 35
54.296866 38
54.299507 26
54.3174 31
54.364266 18
54.366017 48
54.407569 56
54.416286 34
54.422444 25
54.425279 9
54.430916 6
54.437653 57
54.447489 37
54.457706 54
54.466644 24
54.473722 39
54.482852 16
54.499185 53
54.510663 36
54.51733 17
54.535956 52
54.540029 30
54.672257 4
54.749388 59
54.757801 28
54.79458 58
54.805838 44
54.807063 27
54.816829 33
54.820534 10
54.829055 13
54.873372 43
54.944437 8
54.972014 14
54.999294 32
55.001619 11
55.044207 42
55.059955 15
55.078343 50
55.087895 20
55.105705 46
55.160513 55
55.225288 35
55.301398 38
55.304065 26
55.327485 31
55.41225 56
55.424109 34
55.428292 25
55.431628 6
55.432125 9
55.442586 57
55.457713 54
55.460252 41
55.466936 24
55.48307 39
55.486071 16
55.504544 53
55.51763 36
55.526076 17
55.537191 52
55.541562 30
55.559563 2
55.762327 28
55.801245 58
55.812197 44
55.812781 27
55.818946 33
55.829857 10
55.839047 13
55.881963 43
55.974311 14
56.001839 32
56.050173 42
56.060535 3
56.065803 15
56.106909 46
56.165381 55
56.22887 35
56.309683 38
56.310209 26
56.332475 31
56.374199 18
56.376205 48
56.420226 56
56.428758 34
56.431484 25
56.435452 6
56.436682 9
56.447642 57
56.453254 37
56.461565 54
56.467986 41
56.471133 24
56.490785 16
56.496076 7
56.510177 53
56.524505 36
56.527925 17
56.544927 52
56.545659 30
56.565837 2
56.682884 4
56.76905 28
56.809312 58
56.813369 44
56.817615 27
56.828266 33
56.834665 10
56.883901 43
56.950116 8
56.976027 14
57.002278 32
57.015181 11
57.053394 42
57.066673 3
57.111776 46
57.166496 55
57.237915 35
57.314795 38
57.332795 31
57.380066 18
57.429575 56
57.433395 25
57.440354 9
57.449523 57
57.460347 37
57.468041 54
57.473004 41
57.475148 24
57.492966 16
57.494657 39
57.501733 7
57.529945 36
57.534717 17
57.550649 52
57.683361 4
57.771288 28
57.773214 59
57.816403 44
57.816953 58
57.819671 27
57.838317 33
57.852257 13
57.893712 43
57.957273 8
57.978048 14
58.010773 32
58.022648 11
58.056919 42
58.07527 15
58.097224 50
58.117526 46
58.171395 55
58.245585 35
58.322439 38
58.331042 26
58.341111 31
58.438222 56
58.438788 34
58.440524 25
58.443568 9
58.457752 57
58.478877 41
58.482183 24
58.493774 16
58.50422 39
58.505865 7
58.524954 53
58.553364 30
58.557043 52
58.68521 4
58.773129 28
58.775998 59
58.817483 44
58.839885 33
58.857946 13
58.900319 43
58.963667 8
58.984006 14
59.014264 32
59.026087 11
59.059041 42
59.083985 15
59.101271 20
59.104322 50
59.127092 46
59.177667 55
59.249259 35
59.325751 38
59.337095 26
59.345826 31
59.388596 18
59.439973 56
59.445124 6
59.450064 25
59.479193 54
59.484199 41
59.49166 24
59.496871 16
59.509785 39
59.51317 7
59.542261 36
59.545678 17
59.558737 52
59.776555 59
59.777899 28
59.829978 27
59.84243 33
59.853359 10
59.863697 13
59.967193 8
59.986211 14
60.06809 42
60.078102 3
60.085194 15
60.104973 20
60.109192 50
60.258212 35
60.330618 38
60.343392 26
60.354203 31
60.386909 48
60.39605 18
60.401155 21
60.441895 49
60.446415 6
60.448468 56
60.467771 57
60.476715 37
60.480817 54
60.492867 24
60.497893 16
60.512573 39
60.521574 7
60.53088 53
60.547741 17
60.551822 36
60.564547 30
60.56751 52
60.780289 28
60.783245 59
60.82178 44
60.833652 27
60.848972 33
60.858288 10
60.914143 43
60.972122 8
60.989514 14
61.024327 32
61.037848 11
61.068411 42
61.084118 3
61.085304 15
61.105838 20
61.141157 46
61.184658 55
61.262648 35
61.350574 26
61.363495 31
61.392934 48
61.40149 18
61.405109 21
61.449567 6
61.45185 34
61.454888 56
61.46008 25
61.468799 57
61.4847 54
61.497278 24
61.499098 16
61.503238 41
61.527689 7
61.557231 36
61.692774 4
61.786036 28
61.78954 59
61.827316 44
61.838239 58
61.839156 27
61.857467 33
61.861661 10
61.873977 13
61.915531 43
61.980317 8
62.033921 32
62.068367 1
62.071327 42
62.09338 15
62.106214 20
62.115452 50
62.14285 46
62.188794 55
62.356871 26
62.36818 31
62.398136 48
62.401651 18
62.414527 21
62.443093 49
62.455614 34
62.459251 6
62.460728 56
62.478096 57
62.487392 54
62.506802 16
62.524343 39
62.533103 7
62.539126 53
62.561082 17
62.574468 52
62.581437 30
62.65226 45
62.83456 44
62.843256 58
62.84463 27
62.860012 33
62.924214 43
62.990221 8
62.999904 14
63.07283 1
63.073692 42
63.097708 3
63.107628 20
63.118247 50
63.147349 46
63.195189 55
63.36448 26
63.375213 31
63.41005 18
63.448941 49
63.460324 34
63.462712 25
63.468477 6
63.469009 56
63.482357 57
63.490755 54
63.493724 37
63.511807 24
63.535434 7
63.543356 53
63.563877 17
63.583791 52
63.588432 30
63.601572 2
63.654495 45
63.706697 4
63.800582 28
63.844002 44
63.850715 27
63.870064 33
63.925816 43
63.993563 8
64.04078 32
64.08059 1
64.083626 42
64.106319 3
64.11545 20
64.12394 50
64.154657 46
64.198836 55
64.381912 31
64.415887 18
64.427318 21
64.458177 49
64.468486 6
64.469383 25
64.495401 54
64.511823 24
64.541915 7
64.545968 53
64.573721 17
64.587621 52
64.592133 30
64.709218 4
64.806359 28
64.848775 44
64.856006 27
64.871449 33
64.93224 43
64.9959 8
65.090546 1
65.114929 3
65.123181 20
65.130031 50
65.158058 46
65.199555 55
65.283323 35
65.349647 38
65.374511 26
65.390655 31
65.425843 18
65.459326 49
65.470052 6
65.47639 25
65.478888 56
65.489383 9
65.49736 54
65.513926 16
65.519622 24
65.541927 7
65.551388 53
65.579324 17
65.592152 52
65.598304 30
65.710885 4
65.81026 59
65.812076 28
65.853487 44
65.857116 27
65.875977 33
65.878051 10
65.936497 43
66.023851 14
66.056488 32
66.067313 11
66.089335 42
66.102213 15
66.131094 20
66.136975 50
66.160605 46
66.207262 55
66.288431 35
66.384683 26
66.398848 31
66.412684 48
66.428842 18
66.478576 6
66.48598 56
66.504722 54
66.515619 16
66.525406 24
66.549837 39
66.551528 53
66.583764 36
66.588893 17
66.600743 52
66.605483 30
66.718655 4
66.81352 28
66.861403 44
66.863597 27
66.872628 58
66.879285 33
66.900227 13
66.938343 43
67.005667 8
67.033929 14
67.064557 32
67.092586 42
67.123728 3
67.132417 20
67.143951 50
67.164647 46
67.209018 55
67.387928 26
67.399963 31
67.415841 48
67.433 18
67.440281 21
67.472792 49
67.479593 6
67.493102 56
67.494645 25
67.510649 54
67.523446 16
67.531221 24
67.554731 39
67.558626 53
67.590792 36
67.596174 17
67.606649 30
67.610859 52
67.668772 45
67.727371 4
67.821739 28
67.864098 27
67.866694 44
67.879567 58
67.881769 33
67.947209 43
68.014259 8
68.036011 14
68.082828 11
68.133224 3
68.1356 20
68.145342 50
68.218219 55
68.391448 26
68.419242 48
68.436853 18
68.447012 21
68.48595 6
68.49766 56
68.503026 25
68.50812 9
68.518406 54
68.538836 24
68.562917 53
68.593028 36
68.605591 17
68.611204 30
68.620304 52
68.675493 45
68.826204 28
68.869388 27
68.879792 58
68.885198 33
68.953633 43
69.021202 8
69.03968 14
69.073186 32
69.08764 11
69.108852 42
69.114109 15
69.136648 20
69.140125 3
69.148076 50
69.173738 46
69.225163 55
69.401499 26
69.421544 48
69.444277 18
69.450601 21
69.482352 49
69.48602 6
69.508324 25
69.515607 9
69.525971 37
69.52769 54
69.540687 16
69.54813 24
69.566745 39
69.568337 53
69.596272 36
69.61159 17
69.623466 2
69.62624 52
69.681236 45
69.734183 4
69.832134 28
69.873275 27
69.886243 58
69.894945 33
69.959293 43
70.025491 8
70.074296 32
70.109386 1
70.11482 42
70.118187 15
70.137421 20
70.146935 3
70.15148 50
70.175796 46
70.227376 55
70.410054 26
70.423785 48
70.448008 18
70.458126 21
70.488627 49
70.492469 6
70.502992 56
70.513561 25
70.526687 37
70.534441 54
70.542105 16
70.554585 24
70.566787 39
70.571956 53
70.599668 36
70.615026 17
70.619732 30
70.631321 52
70.68817 45
70.736094 4
70.840322 28
70.874269 44
70.878231 27
70.892999 58
70.8999 33
70.962727 43
71.044089 14
71.082272 32
71.118236 15
71.121701 42
71.141795 20
71.149626 3
71.154214 50
71.177367 46
71.235449 55
71.370126 38
71.416595 26
71.428834 48
71.454058 18
71.460951 21
71.489349 49
71.496201 6
71.511273 56
71.519714 25
71.529726 9
71.532346 37
71.540612 54
71.542247 41
71.545385 16
71.560217 24
71.568903 39
71.573928 53
71.607641 36
71.622399 17
71.623737 30
71.63332 52
71.637356 2
71.696965 45
71.737822 4
71.845917 28
71.875746 44
71.878365 27
71.893865 58
71.904031 33
71.970707 43
72.035259 8
72.045775 14
72.086526 32
72.123137 15
72.127028 42
72.147694 20
72.153995 3
72.162715 50
72.180768 46
72.236046 55
72.419295 31
72.41984 26
72.42961 48
72.460749 18
72.465669 21
72.492816 49
72.505244 6
72.520319 57
72.521233 56
72.526202 25
72.531658 9
72.53828 37
72.550134 41
72.552601 16
72.568534 24
72.57102 39
72.582216 53
72.614028 36
72.626872 17
72.630947 30
72.638492 52
72.707042 45
72.747453 4
72.852579 28
72.884388 27
72.885462 44
72.896654 58
72.913808 33
72.971211 43
73.052343 14
73.128465 15
73.131713 42
73.149444 20
73.156624 3
73.166089 50
73.182399 46
73.24122 55
73.430203 48
73.463534 18
73.471882 21
73.499336 49
73.509068 6
73.527683 56
73.531713 25
73.557896 16
73.558416 54
73.585103 53
73.61654 36
73.63104 17
73.636935 30
73.648273 52
73.650269 2
73.712847 45
73.750066 4
73.855366 28
73.887939 27
73.903715 58
73.920442 33
73.925467 13
73.977024 43
74.044629 8
74.056959 14
74.095063 32
74.130963 1
74.134872 42
74.154611 20
74.163129 3
74.17395 50
74.188089 46
74.24383 55
74.423781 31
74.432811 48
74.468394 18
74.48081 21
74.509517 49
74.517073 6
74.541833 25
74.547486 9
74.564442 41
74.567761 54
74.576319 24
74.584194 39
74.588814 53
74.620393 36
74.636704 17
74.648319 52
74.652239 2
74.716973 45
74.846704 59
74.855376 28
74.891864 44
74.983936 43
75.05197 8
75.064137 14
75.099561 32
75.137594 1
75.138329 15
75.159016 20
75.171557 3
75.182176 50
75.244121 55
75.343372 35
75.431315 26
75.435051 48
75.48272 21
75.533287 57
75.5368 56
75.545544 25
75.553081 9
75.568758 41
75.574878 54
75.583812 24
75.589321 53
75.591971 7
75.621593 36
75.640323 17
75.641344 30
75.650653 52
75.719452 45
75.858529 28
75.901032 44
75.924189 33
75.99393 43
76.054122 8
76.139386 15
76.143418 42
76.145169 1
76.167082 20
76.173637 3
76.187747 50
76.197211 46
76.245114 55
76.441427 26
76.489848 21
76.51633 49
76.530855 6
76.539374 56
76.553253 25
76.580255 54
76.585843 24
76.59117 53
76.599185 7
76.648244 17
76.649774 30
76.65369 52
76.671713 2
76.727332 45
76.767059 4
76.866686 28
76.905277 27
77.054962 8
77.144014 42
77.190511 50
77.205769 46
77.253126 55
77.437977 48
77.443207 26
77.445829 31
77.490416 21
77.521721 49
77.531108 6
77.549273 56
77.55553 25
77.592695 24
77.596163 53
77.603194 7
77.650056 30
77.661395 52
77.676338 2
77.731366 45
77.768787 4
77.861679 59
77.870053 28
77.908218 27
77.913354 44
77.923225 10
78.06215 8
78.15169 42
78.154921 1
78.180422 3
78.194985 50
78.213686 46
78.261931 55
78.448711 26
78.485606 18
78.492722 21
78.530895 49
78.535177 6
78.561744 25
78.593475 24
78.598365 54
78.610103 7
78.65284 30
78.665439 52
78.683832 2
78.771644 4
78.876502 28
78.911557 27
78.922826 44
78.930046 10
79.017871 43
79.062166 8
79.162009 1
79.189581 3
79.197016 50
79.216783 46
79.264358 55
79.454025 48
79.45751 26
79.499363 21
79.534424 49
79.554911 56
79.56875 25
79.598799 54
79.601121 24
79.613563 7
79.66994 52
79.686017 2
79.773158 4
79.865722 59
79.911965 27
80.15752 42
80.16452 1
80.193798 3
80.199201 50
80.222503 46
80.455961 48
80.464875 26
80.542835 49
80.577497 25
80.595953 41
80.602864 54
80.615223 7
80.659293 30
80.673709 52
80.743348 45
80.886074 28
80.918629 27
80.930877 44
80.937616 10
80.957871 58
81.025378 43
81.074589 8
81.126241 32
81.168312 1
81.200303 3
81.20189 20
81.20819 50
81.225569 46
81.270281 55
81.456707 48
81.471996 26
81.498752 18
81.51719 21
81.549935 49
81.582215 25
81.606258 54
81.608082 24
81.61363 53
81.683306 52
81.695268 2
81.88822 28
81.945621 33
82.027896 43
82.077505 8
82.168717 1
82.173818 42
82.212724 50
82.235317 46
82.273532 55
82.477652 26
82.563337 56
82.584462 25
82.610112 24
82.623231 53
82.673834 17
82.690707 52
82.895706 28
82.943962 44
83.117417 14
83.209742 3
83.21558 50
83.239726 46
83.276386 55
83.471107 48
83.484682 26
83.56157 49
83.614096 24
83.625276 39
83.696825 52
83.764058 45
83.778848 4
83.931481 27
83.949315 44
83.962667 58
84.081871 8
84.185365 1
84.211578 3
84.221212 50
84.280492 55
84.448206 38
84.473836 48
84.487439 26
84.489788 31
84.53299 21
84.564275 49
84.595637 25
84.601632 9
84.614906 24
84.626165 7
84.637214 53
84.678762 30
84.701388 52
84.766415 45
84.960152 33
85.043719 43
85.19416 42
85.194986 1
85.230934 50
85.248542 46
85.284384 55
85.455637 38
85.493706 26
85.496639 31
85.569513 49
85.598647 25
85.611887 41
85.615503 24
85.633872 54
85.638026 53
85.686703 30
85.701464 52
85.707178 2
85.773044 45
85.793565 4
85.933916 27
85.958281 44
86.045016 43
86.177413 15
86.197435 1
86.222635 3
86.234034 50
86.254781 46
86.293891 55
86.457637 38
86.482041 48
86.502138 26
86.547918 21
86.577466 49
86.586209 56
86.599581 25
86.616952 16
86.622355 24
86.641248 53
86.691471 30
86.697952 17
86.708233 2
86.709932 52
86.797398 4
86.921501 28
86.960307 44
86.97583 33
87.181155 15
87.199885 1
87.239423 50
87.297051 55
87.409884 35
87.464274 38
87.484954 48
87.508496 26
87.51205 31
87.581209 49
87.607412 25
87.615728 41
87.617242 16
87.693553 30
87.716264 52
87.789169 45
87.800011 4
87.921542 28
87.962761 44
87.983532 33
88.057894 43
88.204043 1
88.236042 3
88.247649 50
88.473323 38
88.493146 48
88.514183 26
88.518504 31
88.561747 21
88.581808 49
88.61155 25
88.635968 24
88.643505 54
88.647754 53
88.723146 52
88.798025 45
88.923718 28
88.946402 27
88.964451 44
89.206127 1
89.24849 50
89.308955 55
89.499446 48
89.519526 31
89.567502 21
89.588236 49
89.641508 24
89.704035 30
89.714058 17
89.730668 52
89.802914 45
89.953432 27
89.966783 44
90.073641 43
90.207722 1
90.255405 50
90.317027 55
90.501534 48
90.524335 26
90.526163 31
90.63755 9
90.650588 24
90.653986 53
90.731508 52
90.813799 4
90.955824 27
91.116011 8
91.228067 42
91.283353 46
91.503653 48
91.532189 26
91.585329 21
91.605639 49
91.631978 16
91.650697 24
91.652345 54
91.713082 30
91.734849 52
91.74549 2
91.941081 28
91.961176 27
91.975871 44
92.090913 43
92.190241 32
92.217471 15
92.258944 20
92.505986 48
92.533457 31
92.536319 26
92.554501 18
92.587483 21
92.610217 34
92.613921 6
92.614569 49
92.629966 25
92.640206 37
92.655596 24
92.657112 54
92.663819 53
92.753258 2
92.815903 45
92.949971 28
92.966711 27
93.197271 32
93.241252 42
93.261762 20
93.273004 50
93.337309 55
93.506671 48
93.55573 18
93.588234 21
93.620095 6
93.621473 56
93.622065 49
93.63209 25
93.635704 41
93.663466 54
93.728808 17
93.74788 52
93.820244 45
93.95935 28
93.968432 27
93.985904 44
94.009504 58
94.107148 43
94.226858 1
94.24194 42
94.267961 3
94.269645 20
94.274487 50
94.294746 46
94.342574 55
94.507966 48
94.540734 26
94.546854 31
94.564129 18
94.619606 34
94.628188 49
94.633879 25
94.65125 37
94.668904 24
94.669911 54
94.676123 53
94.69012 39
94.756498 2
94.830567 4
94.974241 27
94.9897 44
95.117234 43
95.22708 1
95.233975 15
95.248883 42
95.276793 50
95.510207 48
95.547306 26
95.568043 18
95.598462 21
95.623959 6
95.63428 49
95.644885 41
95.649157 16
95.669989 24
95.678097 54
95.679467 53
95.7284 30
95.751298 52
95.757217 2
95.823034 45
95.965564 28
95.968073 59
95.977 27
96.216165 32
96.233679 1
96.249449 42
96.278763 50
96.304875 46
96.463879 35
96.550276 26
96.571804 18
96.600616 21
96.632116 6
96.637107 49
96.641678 56
96.649998 25
96.652314 16
96.675193 24
96.684399 53
96.686739 54
96.698564 39
96.737837 30
96.744212 17
96.757905 52
96.763979 2
96.831524 45
96.834633 4
96.96945 28
96.978445 27
96.998788 44
97.029466 58
97.131089 43
97.225576 32
97.23619 1
97.255904 42
97.280549 3
97.28171 50
97.287344 20
97.308948 46
97.361574 55
97.523326 38
97.524637 48
97.557764 26
97.609148 21
97.651546 56
97.659202 25
97.659866 16
97.682045 24
97.739187 30
97.759842 52
97.975776 28
97.98334 27
98.007009 44
98.029211 33
98.036435 58
98.131989 43
98.263366 42
98.29128 50
98.296905 20
98.312868 46
98.361651 55
98.477969 35
98.566654 26
98.585491 18
98.611974 21
98.643334 57
98.650054 49
98.655067 56
98.662624 41
98.664031 37
98.666331 25
98.666961 16
98.692887 54
98.697831 7
98.701759 39
98.74841 30
98.766754 52
98.777197 2
98.843103 45
98.845382 4
98.978716 28
98.981279 59
98.987776 27
99.03856 33
99.133317 43
99.228864 32
99.264236 42
99.295543 3
99.298133 50
99.299784 20
99.315476 46
99.370151 55
99.530309 48
99.53297 38
99.568413 31
99.575942 26
99.590534 18
99.614463 21
99.64369 57
99.644657 6
99.654803 49
99.662188 56
99.676832 16
99.694133 24
99.699851 54
99.711321 39
99.758121 30
99.760256 36
99.768021 52
99.769747 17
99.844665 45
99.85187 4
99.978786 28
99.987084 59
99.995264 27
100.014144 44
100.048581 33
100.137024 43
100.150276 8
100.272949 42
100.300439 50
100.303848 3
100.305531 20
100.324369 46
100.377308 55
100.531818 48
100.5738 31
100.577051 26
100.596341 18
100.620828 21
100.643924 57
100.651558 34
100.65998 49
100.669768 56
100.684628 16
100.703153 54
100.704251 24
100.707909 53
100.766368 30
100.770274 36
100.786966 2
100.845283 45
100.995483 59
101.003455 27
101.016171 44
101.140305 43
101.160057 8
101.204977 14
101.282487 42
101.302471 50
101.306233 3
101.313414 20
101.332531 46
101.381689 55
101.53235 48
101.57528 31
101.605717 18
101.629269 21
101.648155 57
101.656481 34
101.662868 49
101.672769 37
101.675394 56
101.680454 41
101.685863 16
101.710248 24
101.766497 30
101.774769 36
101.779037 52
101.781806 17
101.794124 2
101.848432 45
101.860239 4
101.986557 28
102.022652 44
102.03347 10
102.052633 33
102.141816 43
102.207425 14
102.24904 32
102.291383 42
102.308221 3
102.309507 50
102.313455 20
102.336909 46
102.383841 55
102.499316 35
102.534927 48
102.583198 31
102.613598 18
102.661222 34
102.664932 49
102.679741 37
102.683763 41
102.686641 16
102.694603 25
102.713717 7
102.714976 54
102.717284 24
102.725178 39
102.769312 30
102.776945 36
102.780731 52
102.786157 17
102.798079 2
102.854512 45
102.994928 28
103.013487 27
103.026875 44
103.042397 10
103.058657 33
103.145127 43
103.166773 8
103.212956 14
103.252989 32
103.258774 11
103.292497 42
103.312956 3
103.317307 50
103.319904 20
103.342233 46
103.386055 55
103.621662 18
103.661873 34
103.665012 49
103.685491 37
103.686067 56
103.702892 25
103.715533 54
103.718611 7
103.719406 24
103.725249 39
103.727434 53
103.772768 30
103.782049 36
103.795666 17
103.799927 2
103.858729 45
103.877671 4
103.998845 28
104.01774 27
104.033571 44
104.044243 10
104.062605 33
104.14737 43
104.2151 14
104.258676 32
104.268805 11
104.296969 42
104.315647 3
104.322146 50
104.324887 20
104.345817 46
104.39486 55
104.540569 48
104.594002 31
104.622952 18
104.647206 21
104.667015 49
104.669207 34
104.688031 56
104.701867 16
104.706694 25
104.72503 54
104.725748 39
104.73618 53
104.774911 30
104.782257 52
104.799193 17
104.801593 2
104.863222 45
104.999984 28
105.017752 27
105.038863 44
105.045206 10
105.064509 33
105.157394 43
105.217213 14
105.26711 32
105.271969 11
105.304523 42
105.321969 3
105.325642 50
105.329017 20
105.351415 46
105.404245 55
105.547174 48
105.596366 31
105.626439 18
105.651618 21
105.65974 57
105.667035 49
105.671018 34
105.691409 37
105.705072 41
105.710314 25
105.730194 54
105.730761 24
105.737327 53
105.779068 30
105.788864 52
105.793816 36
105.805772 17
105.810613 2
105.872353 45
105.888511 4
106.010155 28
106.027712 27
106.048151 44
106.054926 10
106.161804 43
106.219875 14
106.274188 11
106.275544 32
106.327552 50
106.412745 55
106.554297 48
106.566983 38
106.606574 31
106.628064 18
106.660119 21
106.665437 57
106.668427 49
106.673927 34
106.712028 16
106.714178 25
106.731238 54
106.731846 24
106.736237 39
106.744822 53
106.782951 30
106.795013 52
106.797456 36
106.814395 17
106.818839 2
106.881422 45
106.889201 4
107.022352 59
107.035872 27
107.055457 44
107.228152 14
107.315495 15
107.318623 42
107.331317 3
107.332849 50
107.33749 20
107.360902 46
107.421123 55
107.556355 48
107.576763 38
107.610953 31
107.629201 18
107.667003 21
107.674062 49
107.675585 34
107.701126 56
107.702728 37
107.716559 16
107.719167 41
107.721185 25
107.735944 54
107.737172 24
107.746031 53
107.783019 30
107.797225 52
107.798563 36
107.824148 17
107.826089 2
107.886739 45
107.89334 4
108.0276 28
108.046076 27
108.064289 44
108.164307 43
108.291717 11
108.320012 42
108.332848 3
108.33369 50
108.345953 20
108.364151 46
108.427517 55
108.562624 48
108.611405 26
108.612952 31
108.638303 18
108.669707 21
108.675424 49
108.679594 34
108.703229 37
108.708705 56
108.723537 41
108.727673 25
108.743367 54
108.74436 24
108.746013 7
108.747544 53
108.748832 39
108.783667 30
108.801532 36
108.804748 52
108.832467 17
108.833186 2
108.893093 45
108.900347 4
109.027579 28
109.052527 27
109.069122 44
109.070751 10
109.090272 58
109.167252 43
109.200073 8
109.243333 14
109.293478 11
109.323446 42
109.328226 15
109.338162 3
109.355484 20
109.368254 46
109.430799 55
109.564438 48
109.590008 38
109.619406 31
109.639928 18
109.671708 21
109.683133 49
109.685371 34
109.708095 37
109.711127 56
109.73709 25
109.749141 54
109.751133 53
109.753745 24
109.754732 39
109.788252 30
109.811751 52
109.835445 17
109.897127 45
110.033387 28
110.039525 59
110.070859 10
110.07185 44
110.170136 43
110.249596 14
110.332739 42
110.336363 15
110.339859 50
110.342959 3
110.364649 20
110.3719 46
110.431944 55
110.565977 48
110.599484 38
110.621466 26
110.628699 31
110.641309 18
110.674747 21
110.686847 57
110.692705 49
110.710245 37
110.742511 25
110.749422 54
110.756339 53
110.760567 24
110.764325 39
110.791586 30
110.808447 36
110.814391 52
110.840819 2
110.905495 45
111.037791 28
111.043164 59
111.062071 27
111.078138 10
111.07998 44
111.11666 13
111.173691 43
111.210359 8
111.254059 14
111.299443 1
111.307162 11
111.340201 42
111.340945 50
111.344926 15
111.352637 3
111.366338 20
111.372738 46
111.434341 55
111.567455 48
111.605785 38
111.630052 26
111.635946 31
111.649831 18
111.677573 21
111.697019 34
111.714836 37
111.729765 56
111.741832 41
111.752969 54
111.764169 53
111.768578 39
111.772034 9
111.794858 30
111.814864 36
111.823927 52
111.844591 2
111.848542 17
111.906967 45
112.052449 59
112.062479 27
112.087217 10
112.089239 44
112.099715 33
112.126713 13
112.176392 43
112.21831 8
112.258491 14
112.343373 50
112.34574 42
112.348576 15
112.355877 3
112.371139 20
112.382547 46
112.441071 55
112.539437 35
112.573541 48
112.609615 38
112.655667 18
112.680612 21
112.69369 49
112.701943 34
112.703214 57
112.715705 37
112.736886 56
112.742486 41
112.74962 16
112.757226 25
112.75856 54
112.772305 53
112.781657 9
112.795781 30
112.819755 36
112.8338 52
112.85184 2
112.85451 17
112.912994 4
113.05624 59
113.09218 44
113.105546 58
113.130114 13
113.185196 43
113.224521 8
113.266432 14
113.316725 11
113.319051 1
113.349174 42
113.364853 3
113.373193 20
113.386467 46
113.446458 55
113.579384 48
113.619152 38
113.643347 26
113.662541 18
113.686428 21
113.700147 49
113.706438 57
113.720448 37
113.74059 56
113.744666 41
113.758881 16
113.767019 54
113.781143 53
113.786611 9
113.800121 30
113.821351 36
113.843549 52
113.859487 2
113.861516 17
113.913358 45
114.05787 28
114.059971 59
114.077822 27
114.097319 44
114.107999 58
114.117408 33
114.189117 43
114.234394 8
114.271108 14
114.306245 32
114.317998 11
114.321439 1
114.362498 15
114.36492 3
114.377567 20
114.389441 46
114.452486 55
114.587087 48
114.619931 38
114.643102 31
114.650407 26
114.664716 18
114.690718 21
114.708101 49
114.708808 57
114.712363 6
114.717465 34
114.72272 37
114.747041 56
114.750873 41
114.768997 16
114.770596 54
114.772552 25
114.781213 39
114.785342 53
114.795989 9
114.806507 30
114.823588 36
114.848142 52
114.868949 17
114.915836 45
114.922736 4
115.059222 28
115.060802 59
115.084577 27
115.101821 10
115.117043 58
115.118548 33
115.142042 13
115.197341 43
115.306837 32
115.363341 15
115.364726 50
115.367974 42
115.368891 3
115.395772 46
115.458392 55
115.553173 35
115.622204 38
115.651509 31
115.670918 18
115.697998 21
115.715267 57
115.717916 49
115.719459 34
115.720093 6
115.731492 37
115.754803 56
115.756349 41
115.773517 25
115.775999 16
115.778995 54
115.779692 24
115.788666 7
115.789494 39
115.793203 53
115.80073 9
115.816096 30
115.851361 52
115.875803 17
115.924692 45
115.927241 4
116.060666 28
116.066058 59
116.092615 27
116.113639 44
116.124287 58
116.125212 33
116.143917 13
116.200073 43
116.241202 8
116.275944 14
116.313959 32
116.329301 11
116.367998 15
116.372567 42
116.374021 50
116.387382 20
116.398227 46
116.46384 55
116.55349 35
116.597428 48
116.62521 38
116.660649 31
116.66413 26
116.675168 18
116.706714 21
116.717698 57
116.720225 49
116.728442 34
116.73883 37
116.75634 56
116.766036 41
116.775061 25
116.783704 16
116.784927 24
116.786905 54
116.794137 53
116.809559 9
116.821535 30
116.831051 36
116.858243 52
116.87611 2
116.882931 17
116.933884 45
117.120853 44
117.128886 33
117.130432 58
117.147836 13
117.2014 43
117.245765 8
117.277599 14
117.319402 32
117.334083 11
117.373539 15
117.380243 42
117.392244 20
117.469777 55
117.556309 35
117.599913 48
117.632122 38
117.666948 26
117.675909 18
117.713415 21
117.725927 57
117.733661 6
117.73721 34
117.765628 56
117.786973 54
117.792324 16
117.796107 39
117.800286 7
117.80096 53
117.819578 9
117.827096 30
117.836095 36
117.860242 52
117.883804 17
117.93679 45
117.940645 4
118.073319 28
118.074557 59
118.103563 27
118.1241 44
118.130536 58
118.137717 33
118.203796 43
118.253715 8
118.287555 14
118.328416 32
118.373497 15
118.379373 3
118.381022 42
118.384309 50
118.478094 55
118.606976 48
118.638668 38
118.668362 26
118.673252 31
118.676465 18
118.71917 21
118.728144 57
118.729235 49
118.736387 6
118.750667 37
118.772383 56
118.772958 41
118.790642 54
118.803135 7
118.80451 39
118.80525 53
118.836042 36
118.836655 30
118.862912 52
118.891115 17
118.941129 45
118.948292 4
119.079463 28
119.083963 59
119.113054 10
119.129025 44
119.138908 58
119.145205 33
119.211623 43
119.261239 8
119.287806 14
119.338193 32
119.373943 15
119.389216 42
119.391711 50
119.400626 20
119.412427 46
119.480673 55
119.561092 35
119.64854 38
119.675342 31
119.677664 18
119.726237 21
119.736678 57
119.745063 6
119.749864 34
119.75242 37
119.779749 56
119.782096 41
119.793397 25
119.794707 54
119.803613 16
119.806657 39
119.814149 53
119.829363 9
119.842185 30
119.868298 52
119.950382 45
120.087022 59
120.114572 27
120.119722 10
120.130441 44
120.143924 58
120.149031 33
120.215087 43
120.266565 8
120.2941 14
120.338448 32
120.380248 15
120.39497 42
120.408295 20
120.419094 46
120.485572 55
120.61457 48
120.650906 38
120.679003 26
120.682864 31
120.687406 18
120.728482 21
120.760643 37
120.782048 41
120.787145 56
120.795171 54
120.805837 24
120.810116 39
120.812386 16
120.813413 7
120.815571 53
120.830808 9
120.844849 36
120.8515 30
120.870816 52
120.955088 45
120.956478 4
121.095422 59
121.122731 27
121.128527 10
121.138113 44
121.146164 58
121.153254 33
121.216048 43
121.268809 8
121.294839 14
121.347768 32
121.365653 1
121.389391 15
121.40081 50
121.402554 42
121.426767 46
121.489983 55
121.620168 48
121.655041 38
121.686389 31
121.689611 18
121.738357 21
121.765295 37
121.783038 41
121.795762 56
121.798779 54
121.814704 39
121.815255 7
121.815801 24
121.819786 16
121.846048 36
121.85822 30
121.875348 52
121.909998 17
121.960893 45
121.962783 4
122.091882 28
122.100831 59
122.135837 10
122.138735 44
122.154537 58
122.179426 13
122.217864 43
122.273738 8
122.296159 14
122.353791 32
122.396673 15
122.401529 50
122.407818 42
122.414388 20
122.491281 55
122.629397 48
122.68677 31
122.692091 18
122.742281 21
122.757886 57
122.765977 34
122.772083 37
122.786927 41
122.797786 25
122.800564 56
122.80144 54
122.816917 24
122.822028 16
122.834376 53
122.848284 36
122.866833 30
122.878597 52
122.919902 17
122.966891 4
122.968895 45
123.096134 28
123.104226 59
123.136768 10
123.142134 44
123.157356 58
123.18655 13
123.224532 43
123.278759 8
123.296868 14
123.360303 11
123.363079 32
123.399041 15
123.402187 50
123.412503 42
123.439764 46
123.498408 55
123.634842 48
123.663738 38
123.687426 31
123.69771 26
123.700521 18
123.746968 21
123.76285 57
123.768202 6
123.771663 34
123.776125 37
123.787916 41
123.807045 56
123.809046 54
123.816964 24
123.831259 16
123.835432 53
123.843746 9
123.857753 36
123.872913 30
123.885174 52
123.924528 17
123.970388 4
123.978147 45
124.107315 59
124.141361 10
124.14706 44
124.162383 33
124.165942 58
124.225737 43
124.279813 8
124.298065 14
124.371086 32
124.402233 15
124.409559 50
124.414839 42
124.449726 46
124.499797 55
124.60997 3
124.671536 38
124.693392 31
124.70123 26
124.708127 18
124.75315 21
124.767142 57
124.776206 6
124.778387 34
124.781327 37
124.796382 41
124.809571 54
124.810199 56
124.823525 39
124.824171 7
124.825617 24
124.835423 16
124.841095 53
124.852789 9
124.867649 36
124.881007 30
124.887508 52
124.928849 17
124.975473 4
124.980626 45
125.11489 59
125.146382 10
125.146947 27
125.151985 44
125.165294 33
125.16748 58
125.19979 13
125.226119 43
125.280287 8
125.300605 14
125.369439 11
125.375309 32
125.383263 1
125.402617 15
125.410156 50
125.418791 42
125.430652 20
125.453311 46
125.506741 55
125.645702 48
125.677471 38
125.695361 31
125.754877 21
125.767162 57
125.785582 37
125.804665 41
125.813575 54
125.816985 56
125.824298 39
125.825617 7
125.836506 16
125.848407 53
125.895244 52
125.93378 17
125.975522 4
125.981273 45
126.111269 28
126.117126 59
126.147202 27
126.14945 10
126.157124 44
126.172283 58
126.203832 13
126.226927 43
126.286956 8
126.304854 14
126.371689 11
126.379257 32
126.406299 15
126.414354 50
126.436094 20
126.461808 46
126.510907 55
126.655817 48
126.679013 38
126.704256 31
126.71004 26
126.711866 18
126.760662 21
126.769624 57
126.791577 37
126.814321 41
126.822245 56
126.822829 54
126.828558 7
126.829863 39
126.840114 24
126.852942 53
126.859798 9
126.880697 36
126.900538 52
126.941 17
126.977342 4
126.98778 45
127.120337 59
127.166779 44
127.174411 33
127.181571 58
127.206439 13
127.234969 43
127.294296 8
127.306296 14
127.37937 11
127.384854 32
127.40946 15
127.416569 50
127.444435 20
127.466918 46
127.512114 55
127.661323 48
127.686169 38
127.705797 31
127.71932 18
127.766203 21
127.771871 57
127.795948 6
127.819034 41
127.826345 56
127.827199 54
127.829638 7
127.836099 39
127.838763 16
127.843427 24
127.8583 53
127.867711 9
127.888017 30
127.949806 17
127.9945 45
128.125258 59
128.157235 27
128.165259 10
128.17143 44
128.179397 33
128.183902 58
128.239103 43
128.30008 8
128.313779 14
128.385567 32
128.389279 11
128.413995 15
128.425131 50
128.432663 42
128.444781 20
128.464826 7
128.51512 55
128.609166 35
128.665211 48
128.707124 31
128.720549 18
128.780802 57
128.79564 34
128.798837 37
128.799498 6
128.823533 41
128.829891 54
128.835084 56
128.839467 39
128.842897 16
128.860729 53
128.886237 36
128.893303 30
128.905268 52
128.956416 17
129.000213 45
129.13503 59
129.164723 27
129.174918 10
129.181087 33
129.189986 58
129.224318 13
129.241743 43
129.303484 8
129.322148 14
129.392688 32
129.415171 14
129.419079 15
129.453 20
129.467067 46
129.471338 7
129.518616 55
129.562032 32
129.609361 35
129.634895 3
129.689404 38
129.708391 31
129.719745 26
129.7302 18
129.783572 21
129.790221 57
129.801082 34
129.80532 37
129.824828 41
129.83653 56
129.844421 39
129.846268 16
129.857253 24
129.87353 9
129.893082 36
129.894013 30
129.925834 2
129.96449 17
130.009679 45
130.138894 28
130.140684 59
130.16439 58
130.170502 27
130.184698 44
130.191017 33
130.19686 31
130.229061 13
130.242563 13
130.242704 43
130.26828 43
130.30881 8
130.419708 15
130.420488 14
130.431971 50
130.443895 42
130.46189 20
130.471384 46
130.474859 7
130.475386 16
130.52678 55
130.554093 36
130.562149 11
130.605808 15
130.619168 35
130.641217 3
130.653701 42
130.674576 48
130.68942 38
130.740125 18
130.789419 21
130.799762 57
130.804266 34
130.810336 45
130.811101 37
130.815995 6
130.82597 41
130.831223 55
130.842507 54
130.845696 56
130.852305 39
130.867371 24
130.873186 53
130.877446 9
130.901741 30
130.923334 52
130.971313 17
131.014459 35
131.057707 59
131.065595 28
131.149271 10
131.168032 58
131.171509 38
131.200171 31
131.247123 13
131.250262 26
131.254083 18
131.271286 43
131.351388 21
131.366509 57
131.403259 37
131.421716 14
131.424386 41
131.452652 56
131.469517 54
131.480361 39
131.524717 9
131.527959 53
131.572333 11
131.575208 32
131.575904 30
131.606956 15
131.63903 52
131.659332 42
131.717587 17
131.810342 45
131.839479 55
132.01917 35
132.06455 59
132.123896 27
132.156031 10
132.157238 44
132.171616 38
132.17604 58
132.201895 31
132.252355 13
132.260895 18
132.371992 57
132.406843 37
132.425934 14
132.434347 41
132.460445 56
132.471599 54
132.480769 39
132.537193 53
132.572207 36
132.572323 11
132.580773 32
132.581954 30
132.607127 15
132.644935 52
132.666794 42
132.725356 17
132.782614 4
132.847307 55
133.073762 28
133.074292 59
133.12757 27
133.163934 44
133.168265 33
133.175965 38
133.176997 58
133.204047 31
133.260272 13
133.265847 18
133.373232 57
133.388969 34
133.395759 8
133.407406 37
133.4347 14
133.435398 41
133.463355 56
133.488012 39
133.492594 7
133.498316 16
133.53612 9
133.540965 53
133.578105 36
133.58092 11
133.584142 32
133.587271 30
133.611571 15
133.669678 42
133.732411 46
133.790017 4
133.848788 55
134.031979 35
134.07906 59
134.165065 10
134.169713 44
134.180558 38
134.184943 58
134.26535 13
134.269364 18
134.284118 43
134.380912 57
134.393038 34
134.43608 14
134.470751 56
134.48034 54
134.497025 39
134.501547 7
134.506997 16
134.543303 53
134.544247 9
134.585896 36
134.587541 32
134.589273 11
134.590208 30
134.660804 52
134.671617 42
134.731129 17
134.79205 4
134.85149 55
135.04145 35
135.085171 59
135.134836 48
135.169872 10
135.182753 33
135.187653 38
135.207434 31
135.272475 13
135.277764 18
135.37691 21
135.390697 57
135.397565 34
135.406808 8
135.413048 37
135.436301 14
135.447081 41
135.480253 56
135.503756 7
135.546891 53
135.550055 9
135.59277 36
135.59567 32
135.660052 2
135.679842 42
135.737067 17
135.798661 4
135.854375 55
136.05025 35
136.091709 59
136.173918 44
136.191056 38
136.212331 31
136.278255 13
136.284699 18
136.295593 43
136.396028 57
136.401939 34
136.445493 14
136.449444 41
136.484076 54
136.50447 7
136.510473 39
136.552677 53
136.554002 9
136.598275 32
136.600475 30
136.602087 36
136.689898 42
136.738336 17
136.807712 4
136.860189 55
137.05078 35
137.178205 10
137.193884 33
137.197907 38
137.198649 58
137.219884 31
137.284829 13
137.28788 18
137.402071 34
137.422099 8
137.425252 37
137.445444 6
137.449641 41
137.450719 14
137.492414 54
137.510371 7
137.51256 39
137.554069 53
137.606221 32
137.609328 36
137.631145 15
137.681722 52
137.696139 42
137.815238 4
137.864173 55
138.060862 35
138.095782 59
138.182097 10
138.198626 33
138.199118 58
138.228047 31
138.291946 13
138.297043 18
138.393247 49
138.404187 34
138.426608 37
138.446491 6
138.451184 14
138.452827 41
138.493287 56
138.500782 54
138.515103 39
138.523626 16
138.606904 32
138.60937 30
138.616843 36
138.640502 15
138.686437 52
138.698139 42
138.750304 17
138.82316 4
138.870903 55
139.06838 35
139.096614 59
139.160492 48
139.203738 58
139.213715 38
139.308059 43
139.396928 49
139.404838 34
139.433208 8
139.434312 37
139.449369 6
139.453939 41
139.454731 14
139.520953 7
139.525215 39
139.53011 16
139.556363 53
139.616284 32
139.69344 52
139.703556 42
139.751512 17
139.855405 45
139.87928 55
140.06888 35
140.102633 59
140.207075 58
140.210916 33
140.221145 38
140.302569 13
140.308868 43
140.409151 34
140.423084 57
140.440338 37
140.451667 6
140.461452 14
140.531406 16
140.534716 39
140.561264 53
140.620614 36
140.625328 32
140.626077 30
140.647405 15
140.688474 3
140.701665 52
140.834946 4
140.881219 55
141.072279 35
141.109781 59
141.189651 10
141.210932 58
141.217855 33
141.226837 38
141.30838 13
141.312972 43
141.409417 49
141.409497 34
141.467989 14
141.536852 16
141.542356 39
141.57059 53
141.628208 32
141.630875 30
141.703358 52
141.891214 55
142.076898 35
142.119096 59
142.211157 58
142.236282 38
142.311659 13
142.314666 43
142.434873 57
142.449337 37
142.451476 8
142.463496 6
142.474241 41
142.476755 14
142.487919 25
142.538718 7
142.540651 16
142.631312 11
142.631454 32
142.634974 36
142.639152 30
142.710819 52
142.711569 42
142.776924 17
142.864031 45
143.123864 59
143.197373 10
143.245391 38
143.319088 13
143.322371 43
143.414705 49
143.422457 34
143.437395 57
143.452616 37
143.460982 8
143.475688 41
143.545487 16
143.553027 39
143.599206 9
143.632412 32
143.641434 11
143.786677 17
144.086045 35
144.143751 28
144.206513 10
144.214968 44
144.222105 58
144.246475 38
144.319528 13
144.462608 37
144.467346 8
144.48098 41
144.490196 14
144.518011 56
144.547836 7
144.553436 16
144.602847 9
144.636365 36
144.642158 32
144.64353 11
144.721579 42
144.916226 55
145.090969 35
145.144463 28
145.213121 10
145.224898 44
145.238317 33
145.246704 38
145.26047 31
145.465154 37
145.495788 14
145.526781 56
145.551967 7
145.562081 39
145.588332 53
145.640798 36
145.644559 11
145.652088 32
145.656628 30
145.668401 15
145.703521 50
145.722297 42
145.731249 52
145.791839 17
146.099861 35
146.141921 59
146.219331 10
146.232203 44
146.236592 58
146.248733 38
146.269274 31
146.322423 13
146.335648 18
146.438417 34
146.46761 37
146.481538 8
146.489001 41
146.501745 14
146.535916 56
146.559446 16
146.563404 39
146.588503 53
146.612236 9
146.650042 11
146.650663 36
146.658843 32
146.671349 15
146.731986 42
146.734683 52
146.801378 17
146.895427 45
146.922972 55
147.142325 59
147.180037 48
147.227709 10
147.243409 58
147.246885 33
147.255188 38
147.270906 31
147.327289 13
147.454961 57
147.472902 37
147.492737 41
147.50401 14
147.544418 54
147.557392 7
147.569823 39
147.595845 53
147.654458 11
147.657355 36
147.662578 32
147.740639 42
147.807499 17
147.927016 55
148.110168 35
148.145048 59
148.235676 44
148.247663 58
148.258224 38
148.274126 31
148.328492 13
148.342651 18
148.353879 43
148.45104 34
148.464593 57
148.498884 41
148.507649 14
148.548114 56
148.570979 16
148.57551 39
148.605537 53
148.630168 9
148.662772 32
148.664321 36
148.682372 15
148.741753 42
148.873088 4
148.930389 55
149.14829 59
149.239319 44
149.251885 58
149.256521 33
149.266235 38
149.331984 13
149.345375 18
149.361584 43
149.460511 34
149.464583 57
149.477629 37
149.508479 41
149.510983 14
149.554715 54
149.556823 56
149.571483 7
149.577779 39
149.578562 16
149.606165 53
149.628928 9
149.665256 32
149.666436 36
149.677316 30
149.750017 52
149.815849 46
149.823434 17
149.931199 55
150.154066 59
150.191032 48
150.2487 44
150.252355 58
150.263703 33
150.272048 38
150.290055 31
150.354751 18
150.369686 43
150.456647 49
150.464762 34
150.467929 57
150.473212 21
150.514957 14
150.517312 41
150.5564 54
150.559061 56
150.573509 7
150.586694 16
150.612439 53
150.668594 32
150.678758 30
150.698461 15
150.727838 50
150.754396 52
150.828547 17
150.935426 55
151.129335 35
151.154073 59
151.251916 44
151.258988 58
151.271924 33
151.275604 38
151.297669 31
151.336314 13
151.363486 18
151.469411 34
151.474144 57
151.487452 37
151.520834 41
151.56013 54
151.562216 56
151.589577 16
151.612458 53
151.675563 32
151.702172 15
151.734721 50
151.753885 42
151.802326 20
151.823292 46
151.939227 55
152.13783 35
152.155851 59
152.254888 44
152.263669 58
152.283584 38
152.299576 31
152.352252 26
152.373656 18
152.47699 34
152.480755 57
152.517138 14
152.522739 41
152.571199 56
152.578141 7
152.599326 16
152.709057 15
152.737974 50
152.761805 42
152.766144 52
152.842743 17
152.93184 45
152.949069 55
153.140985 35
153.261126 44
153.270271 58
153.27245 10
153.284393 38
153.305175 31
153.345892 13
153.379126 18
153.384105 43
153.461374 49
153.477335 34
153.523279 14
153.529252 41
153.573448 54
153.579907 56
153.58154 7
153.589784 39
153.609289 16
153.651336 9
153.685351 32
153.689846 36
153.691108 30
153.714354 15
153.740798 50
153.774093 52
153.822395 20
154.166638 59
154.26715 44
154.280109 58
154.281712 10
154.284318 33
154.290756 38
154.310134 31
154.354358 13
154.467527 49
154.478444 34
154.491659 57
154.499802 21
154.50147 37
154.526856 14
154.53903 41
154.58355 56
154.586586 7
154.598889 39
154.612691 16
154.691533 36
154.695097 32
154.714495 15
154.742403 50
154.767879 42
154.771759 3
154.853551 17
154.955236 55
155.168751 59
155.188687 28
155.270396 44
155.284881 58
155.285917 33
155.298034 38
155.318877 31
155.356843 13
155.368823 26
155.389182 18
155.389598 43
155.469987 49
155.484619 34
155.492014 57
155.505389 37
155.527672 8
155.534187 14
155.543224 41
155.581212 54
155.585331 56
155.591206 7
155.607016 39
155.612919 16
155.636333 53
155.662098 9
155.695021 36
155.711842 1
155.719915 15
155.7448 50
155.772655 42
155.77983 52
155.835445 20
155.842114 46
155.8572 17
155.963095 55
156.178187 59
156.198827 28
156.22236 48
156.272972 44
156.286419 58
156.302535 38
156.323286 31
156.366133 13
156.368956 26
156.390532 18
156.395411 43
156.479283 49
156.490366 34
156.500823 57
156.531228 8
156.535232 14
156.550378 41
156.589676 56
156.607149 39
156.645537 53
156.701651 36
156.702261 32
156.723687 15
156.745337 50
156.779568 42
156.781982 52
156.841345 20
156.844691 46
156.85734 17
156.956645 45
156.964606 55
157.184939 59
157.229514 48
157.283146 44
157.286857 58
157.292166 10
157.307067 38
157.323484 31
157.369992 13
157.376107 26
157.405253 43
157.485375 49
157.493855 34
157.508686 57
157.509041 21
157.537985 14
157.550787 41
157.572148 25
157.588671 54
157.598994 56
157.60896 7
157.6172 39
157.619173 16
157.650987 53
157.668038 9
157.70273 32
157.708801 36
157.724438 15
157.754326 50
157.779615 42
157.782699 52
157.848435 20
157.859219 17
157.965019 55
158.185099 59
158.236912 48
158.292954 44
158.29523 58
158.323499 31
158.382434 26
158.4037 18
158.411554 43
158.495086 34
158.509377 57
158.539977 14
158.545725 8
158.594964 54
158.599616 56
158.618584 39
158.620042 16
158.653721 53
158.654756 24
158.670062 9
158.706068 32
158.711678 36
158.728393 15
158.75474 50
158.780119 42
158.78664 3
158.855982 20
158.868178 17
158.919477 4
158.97181 55
159.29443 44
159.305188 33
159.31494 38
159.328611 31
159.381828 13
159.385191 26
159.403952 18
159.417154 43
159.493012 49
159.499857 34
159.511991 57
159.54623 8
159.555482 41
159.578227 25
159.606524 56
159.621738 39
159.624024 16
159.624272 7
159.661948 53
159.672788 9
159.731829 15
159.758968 50
159.781783 42
159.790582 3
159.857426 20
159.875154 17
159.973749 55
160.202111 59
160.225874 28
160.298806 44
160.303218 58
160.306024 33
160.318221 38
160.3289 31
160.389074 13
160.40634 18
160.424371 43
160.501851 49
160.51195 57
160.525787 21
160.547009 14
160.560164 41
160.616514 56
160.626875 39
160.630446 16
160.662333 53
160.678962 9
160.709326 32
160.722101 36
160.733129 15
160.765974 50
160.785491 42
160.792112 3
160.801451 52
160.864333 20
160.87514 46
160.97584 55
160.976812 45
161.185995 35
161.250165 48
161.282152 27
161.308278 44
161.311987 58
161.31472 10
161.315587 33
161.322692 38
161.337521 31
161.396838 13
161.430733 43
161.50248 49
161.509216 34
161.512855 57
161.551023 8
161.569912 41
161.629998 39
161.633787 16
161.725009 36
161.734277 15
161.775086 50
161.790145 42
161.798983 3
161.807874 52
161.873344 20
161.884985 17
161.976588 55
162.194673 35
162.213203 59
162.241761 28
162.315034 44
162.320269 58
162.43911 43
162.515469 57
162.530294 37
162.545231 21
162.55035 14
162.573648 41
162.613758 54
162.628072 56
162.633923 16
162.63776 39
162.676925 53
162.716459 32
162.742596 15
162.790283 42
162.80622 3
162.887719 17
162.979107 55
163.247813 28
163.315748 44
163.351528 31
163.394937 26
163.405623 13
163.415945 18
163.440468 43
163.514726 49
163.524491 57
163.560576 8
163.579581 41
163.637787 56
163.642379 39
163.68561 53
163.724069 32
163.724407 11
163.749084 15
163.783787 50
163.79918 42
163.811779 3
163.815991 52
163.887066 20
163.895335 17
163.985745 55
163.987298 45
164.223593 59
164.256306 28
164.3019 27
164.32281 44
164.335311 38
164.355328 31
164.415615 13
164.423308 18
164.441277 43
164.518071 49
164.528417 57
164.532916 37
164.558144 21
164.565444 6
164.584171 41
164.604808 25
164.641003 56
164.64857 16
164.651514 39
164.687965 24
164.690053 53
164.729879 32
164.738492 36
164.749774 15
164.755247 1
164.788992 50
164.802034 42
164.818833 3
164.82446 52
164.892233 20
164.900676 46
164.901578 17
164.944551 4
164.986921 55
164.994903 45
165.232542 59
165.256438 28
165.304963 27
165.330329 44
165.336233 58
165.339324 38
165.355769 31
165.428045 18
165.442604 43
165.52691 49
165.535622 34
165.565547 21
165.566698 14
165.567963 8
165.584795 41
165.614989 25
165.624824 54
165.642173 56
165.651758 16
165.655278 39
165.695625 53
165.703059 9
165.722624 30
165.7902 50
165.809068 42
165.819967 3
165.828442 52
165.895539 20
165.909744 17
165.91076 46
165.945058 4
165.996733 55
166.003332 45
166.217606 35
166.264199 28
166.270189 48
166.335346 44
166.341933 38
166.432783 18
166.451347 43
166.536236 49
166.539809 57
166.57417 21
166.585662 41
166.623369 25
166.662795 39
166.699244 53
166.728735 30
166.744735 36
166.754236 15
166.791865 50
166.834408 52
166.905375 20
166.916475 17
166.919593 46
167.000015 55
167.00639 45
167.226375 35
167.277374 48
167.339447 44
167.346251 38
167.425861 26
167.438772 18
167.460761 43
167.549228 57
167.575439 21
167.585399 6
167.585828 41
167.641042 54
167.652846 56
167.672205 39
167.761303 15
167.797528 50
167.825975 42
167.840892 52
167.914295 20
167.925771 46
168.003235 55
168.270718 28
168.281476 48
168.318119 27
168.341381 44
168.42935 26
168.469748 43
168.576067 21
168.58639 41
168.644039 54
168.655391 56
168.67481 16
168.675115 39
168.710359 53
168.717601 24
168.740101 30
168.745763 32
168.8049 50
168.815923 2
168.831484 42
168.847316 52
168.92725 46
168.965834 4
169.005968 55
169.024591 45
169.252804 59
169.273627 28
169.289667 48
169.320053 27
169.34107 33
169.345452 44
169.350219 38
169.364903 58
169.389642 31
169.429971 26
169.475073 43
169.564293 37
169.581029 21
169.593849 41
169.676969 7
169.713581 53
169.722531 24
169.806504 50
169.832141 42
169.848033 52
169.929878 20
169.969698 4
170.013369 55
170.024658 45
170.260776 59
170.297798 48
170.342057 33
170.34696 44
170.368571 10
170.372147 58
170.47576 43
170.585593 21
170.585835 8
170.60201 41
170.603749 14
170.658739 56
170.722021 53
170.749545 30
170.751889 32
170.837467 42
170.855708 52
170.934863 20
170.936493 46
170.974355 4
171.018664 55
171.02558 45
171.265452 59
171.284785 28
171.298604 48
171.349291 44
171.35214 33
171.362792 38
171.374691 10
171.378902 58
171.433043 26
171.457265 18
171.485907 43
171.582295 37
171.588354 8
171.592905 21
171.609347 41
171.613369 14
171.667844 56
171.684058 39
171.69518 7
171.72854 53
171.73831 24
171.937069 20
171.944532 46
172.021305 55
172.028974 45
172.298923 48
172.328144 27
172.350432 44
172.362038 33
172.371138 38
172.38084 10
172.388984 58
172.459958 18
172.464364 13
172.486532 43
172.587313 37
172.594717 8
172.598141 21
172.617721 41
172.619693 14
172.671578 56
172.687028 39
172.729992 53
172.743118 24
172.764603 30
172.844182 42
172.871637 52
172.943426 20
172.949184 46
172.982693 4
173.023397 55
173.033008 45
173.270197 59
173.306962 48
173.353496 44
173.364827 33
173.381041 38
173.390735 58
173.436116 26
173.46575 13
173.465856 18
173.495214 43
173.596787 37
173.600349 8
173.625028 41
173.672108 56
173.689359 39
173.738342 53
173.745484 24
173.772056 30
173.8467 42
173.88102 52
173.947648 20
173.990982 4
174.027746 55
174.036951 45
174.271303 59
174.309905 48
174.332531 27
174.363608 44
174.373871 33
174.391127 38
174.413063 31
174.474979 13
174.497518 43
174.603117 37
174.61551 21
174.627763 14
174.629161 41
174.674897 56
174.741808 53
174.753649 24
174.77484 11
174.775298 30
174.798905 1
174.84693 42
174.883325 52
174.951899 20
174.960839 46
174.993472 4
175.035239 55
175.038362 45
175.276742 59
175.299655 28
175.319226 48
175.36539 44
175.393444 58
175.40109 38
175.440744 26
175.474507 18
175.480119 13
175.604409 8
175.606915 37
175.621539 21
175.630943 41
175.63723 14
175.68272 56
175.745275 53
175.756625 24
175.889015 52
175.957738 20
175.960791 46
176.001639 4
176.037421 55
176.04853 45
176.286576 59
176.324273 48
176.369705 44
176.403464 58
176.403943 10
176.405042 38
176.475431 18
176.499563 43
176.616449 37
176.625646 21
176.63291 41
176.692648 56
176.69371 54
176.701567 16
176.75402 53
176.764545 24
176.781742 32
176.787427 30
176.859351 42
176.892724 52
176.969197 46
177.041252 55
177.057172 45
177.290642 59
177.309958 28
177.379788 44
177.40845 58
177.414487 38
177.429739 31
177.44461 26
177.480321 18
177.487165 13
177.509312 43
177.614085 8
177.617226 37
177.633537 21
177.642535 41
177.647376 14
177.697939 56
177.761241 53
177.771489 24
177.789932 32
177.795277 30
177.868675 42
177.897377 52
177.959527 20
177.97394 46
178.06612 45
178.30014 59
178.335561 48
178.387673 44
178.422467 38
178.487561 18
178.491877 13
178.51183 43
178.619498 37
178.640909 21
178.651093 41
178.654585 14
178.69795 56
178.712948 16
178.7159 39
178.769223 53
178.775931 24
178.80392 30
178.878547 42
178.898735 52
178.975602 46
179.059747 55
179.072077 45
179.341158 48
179.389088 44
179.403957 33
179.427274 38
179.487874 18
179.498696 13
179.514866 43
179.622502 37
179.634258 8
179.64291 21
179.652845 41
179.65573 6
179.707574 56
179.71384 54
179.722319 39
179.806338 30
179.843023 50
179.882317 42
179.906318 52
179.979876 17
179.983611 46
180.062937 55
