Distance Packets_Sent Packets_Received
1.2446 34.0 31
3.29231425596 52.0 45
12.4575283343 35.0 12
1.60663784345 34.0 28
2.3828665846 50.0 25
2.3828665846 35.0 28
1.60663784345 53.0 43
10.4376694429 1.0 1
3.29231425596 32.0 30
1.2446 53.0 41
9.42969654867 3.0 1
4.25030883113 28.0 12
1.60663784345 53.0 49
8.42365256881 47.0 10
5.23024178791 9.0 2
2.3828665846 52.0 40
7.42032210891 35.0 11
3.93577077585 7.0 4
5.74972075148 4.0 2
4.91015572054 35.0 18
4.76288945074 52.0 34
8.90124146398 23.0 8
5.89859973214 18.0 1
3.791497741 15.0 5
6.89505912955 28.0 7
2.85136920093 52.0 31
7.89650011081 33.0 6
1.98737754843 52.0 20
1.2446 52.0 40
1.60663784345 52.0 37
11.4470617103 24.0 7
2.3828665846 49.0 33
3.29231425596 52.0 30
4.25030883113 51.0 41
5.23024178791 12.0 3
4.75251580113 57.0 44
7.93594536776 43.0 15
4.25030883113 43.0 37
3.91926197644 56.0 47
6.97728337392 48.0 22
3.29231425596 36.0 11
3.19363968537 59.0 52
6.03740421705 19.0 6
2.3828665846 44.0 33
4.66489515423 13.0 4
2.66506405927 59.0 51
5.12664881575 32.0 7
1.60663784345 45.0 44
3.69567817863 34.0 16
2.4638 58.0 53
4.26372120102 47.0 31
10.6520526041 3.0 1
1.2446 44.0 44
2.76031512694 48.0 9
2.66506405927 57.0 46
3.48433937497 38.0 11
12.4575283343 46.0 42
7.74604223588 51.0 36
13.6356369811 54.0 21
8.03258685605 52.0 41
7.52667618807 33.0 21
11.4470617103 12.0 1
6.74521856725 51.0 36
8.22273757091 37.0 3
12.6376933607 41.0 20
7.07242920078 49.0 42
6.57506855021 36.0 19
10.4376694429 21.0 12
5.74972075148 43.0 35
7.22008124331 56.0 25
11.642873489 34.0 14
6.13029934016 50.0 38
5.6459463724 37.0 19
9.42969654867 46.0 41
4.76288945074 52.0 52
10.6520526041 56.0 30
5.21597519166 53.0 44
4.75251580113 43.0 32
8.42365256881 12.0 3
3.791497741 47.0 28
5.23024178791 62.0 47
9.66646048355 47.0 4
4.34703765799 52.0 44
3.91926197644 37.0 23
7.42032210891 5.0 3
2.85136920093 41.0 15
4.25030883113 62.0 56
8.68787683384 14.0 1
3.55690702718 37.0 8
3.19363968537 40.0 38
8.42365256881 15.0 1
3.791497741 4.0 1
3.29231425596 62.0 48
4.34703765799 28.0 6
2.66506405927 43.0 38
9.42969654867 41.0 19
4.76288945074 45.0 23
2.3828665846 62.0 50
10.6520526041 53.0 14
5.21597519166 49.0 21
2.4638 42.0 40
5.74972075148 42.0 18
1.60663784345 62.0 56
6.13029934016 49.0 21
2.66506405927 41.0 36
11.4470617103 10.0 1
6.74521856725 41.0 13
1.2446 63.0 58
7.07242920078 45.0 18
3.19363968537 17.0 2
5.6459463724 24.0 5
4.25030883113 45.0 21
4.75251580113 41.0 16
6.97728337392 41.0 9
3.29231425596 55.0 33
6.64538952959 49.0 28
3.91926197644 46.0 40
2.3828665846 56.0 52
5.65057239578 42.0 10
3.19363968537 46.0 43
5.12664881575 48.0 18
13.6356369811 60.0 9
1.60663784345 58.0 52
4.66489515423 32.0 6
2.66506405927 44.0 31
4.26372120102 21.0 4
1.2446 59.0 59
3.69567817863 47.0 32
10.4376694429 14.0 1
2.4638 46.0 41
1.60663784345 54.0 46
2.76031512694 46.0 24
9.42969654867 20.0 3
12.6376933607 44.0 39
8.03258685605 50.0 40
13.4688275139 59.0 48
7.74604223588 47.0 42
7.22008124331 40.0 25
11.642873489 42.0 34
7.07242920078 48.0 27
8.49321461168 18.0 3
12.4575283343 43.0 14
6.74521856725 53.0 44
6.22175579399 17.0 2
10.6520526041 42.0 39
6.13029934016 53.0 42
7.52667618807 22.0 4
11.4470617103 45.0 14
5.74972075148 52.0 35
5.23024178791 35.0 29
9.66646048355 45.0 44
5.21597519166 52.0 48
6.57506855021 3.0 1
10.4376694429 55.0 41
4.76288945074 53.0 43
4.25030883113 42.0 35
8.68787683384 46.0 44
4.34703765799 51.0 48
5.6459463724 48.0 13
9.42969654867 56.0 31
3.791497741 52.0 45
3.29231425596 39.0 31
7.71896764341 25.0 9
3.55690702718 50.0 44
4.75251580113 56.0 33
2.85136920093 45.0 16
2.3828665846 44.0 35
8.68787683384 32.0 13
4.34703765799 50.0 43
3.91926197644 61.0 54
9.42969654867 45.0 9
3.791497741 31.0 2
1.60663784345 44.0 38
9.66646048355 23.0 8
5.21597519166 46.0 23
3.19363968537 56.0 21
10.4376694429 44.0 8
4.76288945074 44.0 9
1.2446 42.0 39
10.6520526041 10.0 1
6.13029934016 38.0 24
2.66506405927 63.0 59
11.4470617103 11.0 3
5.74972075148 40.0 13
1.60663784345 44.0 38
7.07242920078 47.0 41
2.4638 62.0 58
6.74521856725 42.0 29
2.3828665846 40.0 34
1.2446 32.0 24
3.29231425596 52.0 37
12.4575283343 9.0 1
1.60663784345 36.0 36
2.3828665846 52.0 48
2.3828665846 33.0 30
1.60663784345 52.0 44
10.4376694429 32.0 11
1.2446 53.0 47
9.42969654867 50.0 11
4.25030883113 35.0 22
1.60663784345 52.0 49
8.42365256881 52.0 26
5.23024178791 33.0 26
2.3828665846 50.0 43
7.42032210891 47.0 26
17.5194647236 33.0 23
14.4807848199 50.0 23
5.23024178791 38.0 8
16.5061895603 2.0 2
13.4688275139 34.0 6
4.25030883113 47.0 24
15.4932712943 12.0 5
12.4575283343 20.0 5
3.29231425596 24.0 3
14.4807848199 16.0 8
11.4470617103 49.0 16
2.3828665846 52.0 31
13.4688275139 21.0 4
10.4376694429 5.0 1
1.60663784345 51.0 36
1.2446 52.0 36
10.4376694429 1.0 1
1.60663784345 50.0 39
14.4807848199 7.0 2
2.3828665846 52.0 34
3.29231425596 28.0 21
4.25030883113 48.0 20
